93,0,136,40
93,0,136,40
93,0,136,40
93,0,136,42
93,0,136,43
93,0,136,42
93,0,136,41
93,0,136,40
93,0,136,40
93,0,136,39
93,0,136,39
93,0,136,39
93,0,136,39
93,0,136,38
93,0,136,37
93,0,136,35
93,0,136,34
93,0,136,33
93,0,136,33
93,0,136,33
93,0,136,34
93,0,136,35
93,0,136,35
93,0,136,36
93,0,136,36
93,0,136,36
93,0,136,36
93,0,136,37
93,0,136,38
93,0,136,38
93,0,136,38
93,0,136,38
93,0,136,37
93,0,136,37
93,0,136,37
93,0,136,37
93,0,136,37
93,0,136,37
93,0,136,36
93,0,136,36
93,0,136,36
93,0,136,35
93,0,136,34
93,0,136,32
93,0,136,32
93,0,136,32
93,0,136,32
93,0,136,32
93,0,136,33
93,0,136,33
93,0,136,33
93,0,136,33
93,0,136,33
93,0,136,34
93,0,136,34
93,0,136,34
93,0,136,34
93,0,136,35
93,0,136,35
93,0,136,35
93,0,136,36
93,0,136,36
93,0,136,36
93,0,136,36
93,0,136,36
93,0,136,36
93,0,136,36
93,0,136,35
93,0,136,34
93,0,136,33
93,0,136,32
93,0,136,31
93,0,136,31
93,0,136,31
93,0,136,31
93,0,136,31
93,0,136,31
93,0,136,31
93,21,120,32
94,18,120,32
94,0,120,31
94,0,120,31
94,0,120,31
97,0,120,23
100,0,120,23
101,16,124,25
104,0,124,25
106,0,124,25
108,0,124,25
109,0,124,25
110,0,124,26
112,0,124,25
113,0,124,26
113,0,124,26
112,0,124,26
112,0,124,26
111,0,124,26
111,0,124,26
111,0,124,26
111,0,124,27
111,0,124,27
111,0,124,27
111,0,124,27
112,0,124,27
112,0,124,27
112,0,124,29
113,0,124,30
113,0,124,30
113,0,124,30
113,0,124,31
114,0,124,31
114,0,124,31
114,0,124,32
114,0,124,32
114,0,124,32
114,0,124,32
114,0,124,32
114,0,124,32
114,0,124,32
114,0,124,33
114,0,124,32
114,0,124,31
114,0,124,32
114,0,124,29
114,0,124,30
114,0,124,29
114,0,124,29
114,0,124,29
114,0,124,29
114,0,124,29
114,0,124,30
114,0,124,29
113,0,124,30
113,0,124,30
113,0,124,29
112,0,124,29
112,0,124,28
111,0,124,28
110,0,124,28
110,0,124,27
109,0,124,27
110,0,124,27
112,0,124,27
113,0,124,26
113,0,124,25
114,0,124,25
115,0,124,24
116,0,124,24
116,0,124,25
117,16,112,26
115,0,112,27
114,0,112,31
112,0,112,31
111,0,112,31
110,0,112,31
109,0,112,32
108,0,112,31
107,0,112,31
107,0,112,25
107,0,112,24
107,0,112,24
107,0,112,24
107,0,112,24
107,0,112,24
107,0,112,24
107,0,112,24
107,0,112,25
107,0,112,25
107,0,112,25
107,0,112,24
107,0,112,24
107,0,112,24
107,0,112,24
107,0,112,24
107,0,112,24
107,0,112,23
107,0,112,24
107,0,112,24
107,0,112,23
107,0,112,23
107,0,112,23
107,0,112,23
107,0,112,23
107,0,112,23
107,0,112,23
107,0,112,23
107,0,112,24
106,0,112,31
105,0,112,32
104,0,112,31
103,0,112,31
104,0,112,21
104,0,112,21
104,0,112,100
104,0,112,100
104,0,112,100
104,0,112,100
104,0,112,31
103,0,112,31
102,0,112,32
101,0,112,33
101,0,112,33
100,0,112,34
100,0,112,34
99,0,112,35
99,0,112,36
98,0,112,35
98,0,112,36
97,0,112,36
97,0,112,36
97,0,112,36
96,0,112,37
96,0,112,37
96,0,112,37
96,0,112,38
95,0,112,38
95,0,112,37
95,0,112,37
95,0,112,37
95,0,112,38
95,0,112,38
95,0,112,38
95,0,112,37
95,0,112,37
95,0,112,36
95,0,112,36
95,0,112,35
95,0,112,34
95,0,112,34
95,0,112,34
95,0,112,35
95,0,112,35
95,0,112,36
95,0,112,37
95,0,112,37
95,0,112,38
95,0,112,39
95,0,112,41
95,0,112,41
95,0,112,40
95,0,112,40
95,0,112,41
95,0,112,40
95,0,112,41
95,0,112,42
95,0,112,42
95,0,112,42
95,0,112,42
95,0,112,41
95,0,112,42
95,0,112,42
95,0,112,42
95,0,112,43
95,0,112,45
95,0,112,46
95,0,112,47
95,0,112,47
95,0,112,46
95,0,112,45
95,0,112,44
95,0,112,43
95,0,112,43
95,0,112,43
95,0,112,43
95,0,112,44
95,0,112,45
95,19,100,47
95,0,100,48
95,0,100,49
95,0,100,50
95,17,100,51
95,0,100,52
95,0,100,52
95,0,100,53
95,0,100,54
96,0,100,54
96,0,100,54
96,0,100,54
96,0,100,54
97,0,100,54
97,0,100,55
97,18,102,56
97,0,102,57
97,0,102,57
97,0,102,56
97,0,102,56
97,0,102,57
97,0,102,58
97,0,102,58
97,0,102,58
97,0,102,57
97,0,102,57
97,0,102,56
97,0,102,54
97,0,102,54
97,0,102,53
97,0,102,54
97,0,102,55
97,0,102,56
97,0,102,57
97,0,102,58
97,0,102,58
97,0,102,58
97,0,102,58
97,0,102,58
97,0,102,58
97,0,102,58
97,0,102,58
97,0,102,58
97,0,102,58
97,0,102,58
97,0,102,58
97,0,102,57
97,0,102,57
97,0,102,55
97,0,102,56
97,0,102,57
97,0,102,58
97,0,102,58
97,0,102,57
97,0,102,57
97,0,102,57
97,0,102,58
97,0,102,58
97,0,102,58
97,0,102,59
97,0,102,59
97,0,102,60
97,0,102,60
97,0,102,60
97,0,102,61
97,17,99,62
97,19,105,63
97,0,105,63
97,0,105,64
97,0,105,63
97,0,105,63
97,0,105,63
97,16,95,64
97,0,95,65
97,16,102,66
97,0,102,67
97,0,102,68
97,0,102,68
97,19,100,69
97,23,98,69
97,0,98,70
97,0,98,71
97,0,98,71
97,0,98,71
97,0,98,71
97,0,98,71
97,0,98,71
97,0,98,71
97,0,98,70
96,0,98,69
96,0,98,68
96,0,98,69
96,26,97,70
95,25,93,73
95,24,97,74
95,19,95,76
95,0,95,76
95,0,95,77
95,16,98,79
95,0,98,81
94,0,98,82
94,0,98,83
94,0,98,84
94,0,98,85
93,0,98,85
93,0,98,84
93,0,98,84
93,16,99,85
93,19,100,87
93,16,102,89
93,0,102,90
93,0,102,88
93,0,102,87
93,0,102,85
93,0,102,84
93,0,102,82
93,0,102,82
93,0,102,81
93,0,102,79
93,0,102,78
93,0,102,76
93,0,102,75
93,0,102,74
93,0,102,73
93,0,102,72
93,0,102,72
93,0,102,72
93,0,102,72
93,0,102,73
93,0,102,73
93,0,102,72
93,0,102,70
93,0,102,67
93,0,102,65
93,0,102,63
93,17,103,62
93,20,101,63
93,0,101,63
93,0,101,62
93,0,101,61
93,0,101,61
93,0,101,61
93,18,101,62
93,0,101,62
93,0,101,62
93,0,101,61
93,0,101,61
93,0,101,61
93,0,101,61
93,0,101,61
93,0,101,62
93,0,101,62
93,0,101,62
93,0,101,63
93,0,101,65
93,23,102,67
93,24,101,68
93,22,101,70
93,24,102,72
93,18,100,74
93,0,100,74
94,0,100,73
94,0,100,74
94,0,100,75
94,0,100,74
95,0,100,75
95,0,100,75
95,0,100,74
95,0,100,74
95,0,100,74
95,0,100,74
95,0,100,74
95,0,100,73
95,0,100,72
95,0,100,70
95,0,100,68
96,0,100,66
96,0,100,64
96,0,100,62
96,0,100,60
97,0,100,59
97,0,100,56
97,0,100,54
98,0,100,53
98,0,100,53
98,0,100,51
98,0,100,48
99,0,100,46
100,0,100,44
100,0,100,42
100,0,100,41
100,0,100,40
101,0,100,39
101,0,100,38
102,0,100,36
102,0,100,34
103,0,100,32
104,0,100,31
105,0,100,29
105,0,100,28
106,0,100,27
107,0,100,27
108,0,100,26
109,0,100,25
110,0,100,25
110,0,100,23
111,0,100,23
112,0,100,22
113,0,100,21
113,0,100,100
113,0,100,100
113,0,100,100
113,0,100,100
113,0,100,100
113,0,100,100
113,0,100,100
113,0,100,100
113,0,100,100
113,0,100,100
113,0,100,100
113,0,100,100
113,0,100,100
113,0,100,100
113,0,100,100
113,0,100,100
113,0,100,100
113,0,100,100
113,0,100,100
113,0,100,100
113,0,100,100
113,0,100,100
113,0,100,100
113,0,100,100
113,0,100,100
113,0,100,100
113,0,100,100
113,0,100,100
113,0,100,100
113,0,100,100
113,0,100,100
113,0,100,100
113,0,100,100
113,0,100,100
113,0,100,100
113,0,100,100
113,0,100,100
113,0,100,100
113,0,100,100
113,0,100,100
113,0,100,100
113,0,100,100
113,0,100,100
113,0,100,100
113,0,100,100
113,0,100,100
113,0,100,100
113,0,100,100
113,0,100,100
113,0,100,100
113,0,100,100
113,0,100,100
113,0,100,100
113,0,100,100
113,0,100,100
113,0,100,100
113,0,100,100
113,0,100,100
113,0,100,100
113,0,100,100
113,0,100,100
113,0,100,100
113,0,100,100
113,0,100,100
113,0,100,100
113,0,100,100
113,0,100,100
113,0,100,100
113,0,100,100
113,0,100,100
113,0,100,100
113,0,100,100
113,0,100,100
113,0,100,100
113,0,100,100
113,0,100,100
113,0,100,100
113,0,100,100
113,0,100,100
113,0,100,100
113,0,100,100
113,0,100,100
113,0,100,100
113,0,100,100
113,0,100,100
113,0,100,100
113,0,100,100
113,0,100,100
113,0,100,100
113,0,100,100
113,0,100,100
113,0,100,100
113,0,100,100
113,0,100,100
113,0,100,100
113,0,100,100
113,0,100,100
113,0,100,100
113,0,100,100
113,0,100,100
113,0,100,100
113,0,100,100
113,0,100,100
113,0,100,100
113,0,100,100
113,0,100,100
113,0,100,100
113,0,100,100
113,0,100,100
113,0,100,100
113,0,100,100
113,0,100,100
113,0,100,100
113,0,100,100
113,0,100,100
113,0,100,100
113,0,100,100
113,0,100,100
113,0,100,100
113,0,100,100
113,0,100,100
113,0,100,100
113,0,100,100
113,0,100,100
113,0,100,100
113,0,100,100
113,0,100,100
113,0,100,100
113,0,100,100
113,0,100,100
113,0,100,100
113,0,100,100
113,0,100,100
113,0,100,100
113,0,100,100
113,0,100,100
113,0,100,100
113,0,100,100
113,0,100,100
113,0,100,100
113,0,100,100
113,0,100,100
113,0,100,100
113,0,100,100
113,0,100,100
113,0,100,100
113,0,100,100
113,0,100,100
113,0,100,100
113,0,100,100
113,0,100,100
113,0,100,100
113,0,100,100
113,0,100,100
113,0,100,100
113,0,100,100
113,0,100,100
113,0,100,100
113,0,100,100
113,0,100,100
113,0,100,100
113,0,100,100
113,0,100,100
113,0,100,100
113,0,100,100
113,0,100,100
113,0,100,100
113,0,100,100
113,0,100,100
113,0,100,100
113,0,100,100
113,0,100,100
113,0,100,100
113,0,100,100
113,0,100,100
113,0,100,100
113,0,100,100
113,0,100,100
113,0,100,100
113,0,100,100
113,0,100,100
113,0,100,100
113,0,100,100
113,0,100,100
113,0,100,100
113,0,100,100
113,0,100,100
113,0,100,100
113,0,100,100
113,0,100,100
113,0,100,100
113,0,100,100
113,0,100,100
113,0,100,100
113,0,100,100
113,0,100,100
113,0,100,100
113,0,100,100
113,0,100,100
113,0,100,100
113,0,100,100
113,0,100,100
113,0,100,100
113,0,100,100
113,0,100,100
113,0,100,100
113,0,100,100
113,0,100,100
113,0,100,100
113,0,100,100
113,0,100,100
113,0,100,100
113,0,100,100
113,0,100,100
113,0,100,100
113,0,100,100
113,0,100,100
113,0,100,100
113,0,100,100
113,0,100,100
113,0,100,100
113,0,100,100
113,0,100,100
113,0,100,100
113,0,100,100
113,0,100,100
113,0,100,100
113,0,100,100
113,0,100,100
113,0,100,100
113,0,100,100
113,0,100,100
113,0,100,100
113,0,100,100
113,0,100,100
113,0,100,100
113,0,100,100
113,0,100,100
113,0,100,100
113,0,100,100
113,0,100,100
113,0,100,100
113,0,100,100
113,0,100,100
113,0,100,100
113,0,100,100
113,0,100,100
113,0,100,100
113,0,100,100
113,0,100,100
113,0,100,100
113,0,100,100
113,0,100,100
113,0,100,100
113,0,100,100
113,0,100,100
113,0,100,100
113,0,100,100
113,0,100,100
113,0,100,100
113,0,100,100
113,0,100,100
113,0,100,100
113,0,100,100
113,0,100,100
113,0,100,100
113,0,100,100
113,0,100,100
113,0,100,100
113,0,100,100
113,0,100,100
113,0,100,100
113,0,100,100
113,0,100,100
113,0,100,100
113,0,100,100
113,0,100,100
113,0,100,100
113,0,100,100
113,0,100,100
113,0,100,100
113,0,100,100
113,0,100,100
113,0,100,100
113,0,100,100
113,0,100,100
113,0,100,100
113,0,100,100
113,0,100,100
113,0,100,100
113,0,100,100
113,0,100,100
113,0,100,100
113,0,100,100
113,0,100,100
113,0,100,100
113,0,100,100
113,0,100,100
113,0,100,100
113,0,100,100
113,0,100,100
113,0,100,100
113,0,100,100
113,0,100,100
113,0,100,100
113,0,100,100
113,0,100,100
113,0,100,100
113,0,100,100
113,0,100,100
113,0,100,100
113,0,100,100
113,0,100,100
113,0,100,100
113,0,100,100
113,0,100,100
113,0,100,100
113,0,100,100
113,0,100,100
113,0,100,100
113,0,100,100
113,0,100,100
113,0,100,100
113,0,100,100
113,0,100,100
113,0,100,100
113,0,100,100
113,0,100,100
113,0,100,100
113,0,100,100
113,0,100,100
113,0,100,100
113,0,100,100
113,0,100,100
113,0,100,100
113,0,100,100
113,0,100,100
113,0,100,100
113,0,100,100
113,0,100,100
113,0,100,100
113,0,100,100
113,0,100,100
113,0,100,100
113,0,100,100
113,0,100,100
113,0,100,100
113,0,100,100
113,0,100,100
113,0,100,100
113,0,100,100
113,0,100,100
113,0,100,100
113,0,100,100
113,0,100,100
113,0,100,100
113,0,100,100
113,0,100,100
113,0,100,100
113,0,100,100
113,0,100,100
113,0,100,100
113,0,100,100
113,0,100,100
113,0,100,100
113,0,100,100
113,0,100,100
113,0,100,100
113,0,100,100
113,0,100,100
113,0,100,100
113,0,100,100
113,0,100,100
113,0,100,100
113,0,100,100
113,0,100,100
113,0,100,100
113,0,100,100
113,0,100,100
113,0,100,100
113,0,100,100
113,0,100,100
113,0,100,100
113,0,100,100
113,0,100,100
113,0,100,100
113,0,100,100
113,0,100,100
113,0,100,100
113,0,100,100
113,0,100,100
113,0,100,100
113,0,100,100
113,0,100,100
113,0,100,100
113,0,100,100
113,0,100,100
113,0,100,100
113,0,100,100
113,0,100,100
113,0,100,100
113,0,100,100
113,0,100,100
113,0,100,100
113,0,100,100
113,0,100,100
113,0,100,100
113,0,100,100
113,0,100,100
113,0,100,100
113,0,100,100
113,0,100,100
113,0,100,100
113,0,100,100
113,0,100,100
113,0,100,100
113,0,100,100
113,0,100,100
113,0,100,100
113,0,100,100
113,0,100,100
113,0,100,100
113,0,100,100
113,0,100,100
113,0,100,100
113,0,100,100
113,0,100,100
113,0,100,100
113,0,100,100
113,0,100,100
113,0,100,100
113,0,100,100
113,0,100,100
113,0,100,100
113,0,100,100
113,0,100,100
113,0,100,100
113,0,100,100
113,0,100,100
113,0,100,100
113,0,100,100
113,0,100,100
113,0,100,100
113,0,100,100
113,0,100,100
113,0,100,100
113,0,100,100
113,0,100,100
113,0,100,100
113,0,100,100
113,0,100,100
113,0,100,100
113,0,100,100
113,0,100,100
113,0,100,100
113,0,100,100
113,0,100,100
113,0,100,100
113,0,100,100
113,0,100,100
113,0,100,100
113,0,100,100
113,0,100,100
113,0,100,100
113,0,100,100
113,0,100,100
113,0,100,100
113,0,100,100
113,0,100,100
113,0,100,100
113,0,100,100
113,0,100,100
113,0,100,100
113,0,100,100
113,0,100,100
113,0,100,100
113,0,100,100
113,0,100,100
113,0,100,100
113,0,100,100
113,0,100,100
113,0,100,100
113,0,100,100
113,0,100,100
113,0,100,100
113,0,100,100
113,0,100,100
113,0,100,100
113,0,100,100
113,0,100,100
113,0,100,100
113,0,100,100
113,0,100,100
113,0,100,100
113,0,100,100
113,0,100,100
113,0,100,100
113,0,100,100
113,0,100,100
113,0,100,100
113,0,100,100
113,0,100,100
113,0,100,100
113,0,100,100
113,0,100,100
113,0,100,100
113,0,100,100
113,0,100,100
113,0,100,100
113,0,100,100
113,0,100,100
113,0,100,100
113,0,100,100
113,0,100,100
113,0,100,100
113,0,100,100
113,0,100,100
113,0,100,100
113,0,100,100
113,0,100,100
113,0,100,100
113,0,100,100
113,0,100,100
113,0,100,100
113,0,100,100
113,0,100,100
113,0,100,100
113,0,100,100
113,0,100,100
113,0,100,100
113,0,100,100
113,0,100,100
113,0,100,100
113,0,100,100
113,0,100,100
113,0,100,100
113,0,100,100
113,0,100,100
113,0,100,100
113,0,100,100
113,0,100,100
113,0,100,100
113,0,100,100
113,0,100,100
113,0,100,100
113,0,100,100
113,0,100,100
113,0,100,100
113,0,100,100
113,0,100,100
113,0,100,100
113,0,100,100
113,0,100,100
113,0,100,100
113,0,100,100
113,0,100,100
113,0,100,100
113,0,100,100
113,0,100,100
113,0,100,100
113,0,100,100
113,0,100,100
113,0,100,100
113,0,100,100
113,0,100,100
113,0,100,100
113,0,100,100
113,0,100,100
113,0,100,100
113,0,100,100
113,0,100,100
113,0,100,100
113,0,100,100
113,0,100,100
113,0,100,100
113,0,100,100
113,0,100,100
113,0,100,100
113,0,100,100
113,0,100,100
113,0,100,100
113,0,100,100
113,0,100,100
113,0,100,100
113,0,100,100
113,0,100,100
113,0,100,100
113,0,100,100
113,0,100,100
113,0,100,100
113,0,100,100
113,0,100,100
113,0,100,100
113,0,100,100
113,0,100,100
113,0,100,100
113,0,100,100
113,0,100,100
113,0,100,100
113,0,100,100
113,0,100,100
113,0,100,100
113,0,100,100
113,0,100,100
113,0,100,100
113,0,100,100
113,0,100,100
113,0,100,100
113,0,100,100
113,0,100,100
113,0,100,100
113,0,100,100
113,0,100,100
113,0,100,100
113,0,100,100
113,0,100,100
113,0,100,100
113,0,100,100
113,0,100,100
113,0,100,100
113,0,100,100
113,0,100,100
113,0,100,100
113,0,100,100
113,0,100,100
113,0,100,100
113,0,100,100
113,0,100,100
113,0,100,100
113,0,100,100
113,0,100,100
113,0,100,100
113,0,100,100
113,0,100,100
113,0,100,100
113,0,100,100
113,0,100,100
113,0,100,100
113,0,100,100
113,0,100,100
113,0,100,100
113,0,100,100
113,0,100,100
113,0,100,100
113,0,100,100
113,0,100,100
113,0,100,100
113,0,100,100
113,0,100,100
113,0,100,100
113,0,100,100
113,0,100,100
113,0,100,100
113,0,100,100
113,0,100,100
113,0,100,100
113,0,100,100
113,0,100,100
113,0,100,100
113,0,100,100
113,0,100,100
113,0,100,100
113,0,100,100
113,0,100,100
113,0,100,100
113,0,100,100
113,0,100,100
113,0,100,100
113,0,100,100
113,0,100,100
113,0,100,100
113,0,100,100
113,0,100,100
113,0,100,100
113,0,100,100
113,0,100,100
113,0,100,100
113,0,100,100
113,0,100,100
113,0,100,100
113,0,100,100
113,0,100,100
113,0,100,100
113,0,100,100
113,0,100,100
113,0,100,100
113,0,100,100
113,0,100,100
113,0,100,100
113,0,100,100
113,0,100,100
113,0,100,100
113,0,100,100
113,0,100,100
113,0,100,100
113,0,100,100
113,0,100,100
113,0,100,100
113,0,100,100
113,0,100,100
113,0,100,100
113,0,100,100
113,0,100,100
113,0,100,100
113,0,100,100
113,0,100,100
113,0,100,100
113,0,100,100
113,0,100,100
113,0,100,100
113,0,100,100
113,0,100,100
113,0,100,100
113,0,100,100
113,0,100,100
113,0,100,100
113,0,100,100
113,0,100,100
113,0,100,100
113,0,100,100
113,0,100,100
113,0,100,100
113,0,100,100
113,0,100,100
113,0,100,100
113,0,100,100
113,0,100,100
113,0,100,100
113,0,100,100
113,0,100,100
113,0,100,100
113,0,100,100
113,0,100,100
113,0,100,100
113,0,100,100
113,0,100,100
113,0,100,100
113,0,100,100
113,0,100,100
113,0,100,100
113,0,100,100
113,0,100,100
113,0,100,100
113,0,100,100
113,0,100,100
113,0,100,100
113,0,100,100
113,0,100,100
113,0,100,100
113,0,100,100
113,0,100,100
113,0,100,100
113,0,100,100
113,0,100,100
113,0,100,100
113,0,100,100
113,0,100,100
113,0,100,100
113,0,100,100
113,0,100,100
113,0,100,100
113,0,100,100
113,0,100,100
113,0,100,100
113,0,100,100
113,0,100,100
113,0,100,100
113,0,100,100
113,0,100,100
113,0,100,100
113,0,100,100
113,0,100,100
113,0,100,100
113,0,100,100
113,0,100,100
113,0,100,100
113,0,100,100
113,0,100,100
113,0,100,100
113,0,100,100
113,0,100,100
113,0,100,100
113,0,100,100
113,0,100,100
113,0,100,100
113,0,100,100
113,0,100,100
113,0,100,100
113,0,100,100
113,0,100,100
113,0,100,100
113,0,100,100
113,0,100,100
113,0,100,100
113,0,100,100
113,0,100,100
113,0,100,100
113,0,100,100
113,0,100,100
113,0,100,100
113,0,100,100
113,0,100,100
113,0,100,100
113,0,100,100
113,0,100,100
113,0,100,100
113,0,100,100
113,0,100,100
113,0,100,100
113,0,100,100
113,0,100,100
113,0,100,100
113,0,100,100
113,0,100,100
113,0,100,100
113,0,100,100
113,0,100,100
113,0,100,100
113,0,100,100
113,0,100,100
113,0,100,100
113,0,100,100
113,0,100,100
113,0,100,100
113,0,100,100
113,0,100,100
113,0,100,100
113,0,100,100
113,0,100,100
113,0,100,100
113,0,100,100
113,0,100,100
113,0,100,100
113,0,100,100
113,0,100,100
113,0,100,100
113,0,100,100
113,0,100,100
113,0,100,100
113,0,100,100
113,0,100,100
113,0,100,100
113,0,100,100
113,0,100,100
113,0,100,100
113,0,100,100
113,0,100,100
113,0,100,100
113,0,100,100
113,0,100,100
113,0,100,100
113,0,100,100
113,0,100,100
113,0,100,100
113,0,100,100
113,0,100,100
113,0,100,100
113,0,100,100
113,0,100,100
113,0,100,100
113,0,100,100
113,0,100,100
113,0,100,100
113,0,100,100
113,0,100,100
113,0,100,100
113,0,100,100
113,0,100,100
113,0,100,100
113,0,100,100
113,0,100,100
113,0,100,100
113,0,100,100
113,0,100,100
113,0,100,100
113,0,100,100
113,0,100,100
113,0,100,100
113,0,100,100
113,0,100,100
113,0,100,100
113,0,100,100
113,0,100,100
113,0,100,100
113,0,100,100
113,0,100,100
113,0,100,100
113,0,100,100
113,0,100,100
113,0,100,100
113,0,100,100
113,0,100,100
113,0,100,100
113,0,100,100
113,0,100,100
113,0,100,100
113,0,100,100
113,0,100,100
97,16,117,100
97,0,117,100
101,0,117,21
103,0,117,22
105,0,117,23
106,0,117,24
107,0,117,25
108,0,117,25
109,0,117,26
110,0,117,26
111,0,117,26
111,0,117,26
112,0,117,27
112,0,117,27
113,0,117,27
113,0,117,27
113,0,117,28
113,0,117,28
113,0,117,29
113,0,117,29
113,0,117,29
113,0,117,30
112,0,117,30
112,0,117,30
112,0,117,30
112,0,117,30
112,0,117,30
111,0,117,31
110,0,117,30
109,0,117,30
110,0,117,28
110,0,117,28
111,0,117,27
111,0,117,23
111,0,117,21
112,0,117,21
112,0,117,21
112,0,117,100
112,0,117,100
112,0,117,100
112,0,117,100
112,0,117,100
112,0,117,100
112,0,117,100
112,0,117,100
112,0,117,100
109,0,117,31
105,0,117,32
103,0,117,32
100,0,117,33
98,0,117,34
96,0,117,35
94,0,117,36
93,0,117,36
92,0,117,36
90,0,117,36
89,0,117,35
88,0,117,35
87,0,117,37
86,0,117,38
86,0,117,38
85,0,117,38
85,0,117,38
84,0,117,38
84,0,117,37
84,0,117,37
84,0,117,36
83,0,117,36
83,0,117,35
83,0,117,34
82,0,117,34
82,0,117,33
82,0,117,33
82,0,117,33
82,0,117,33
82,0,117,33
82,0,117,33
82,0,117,32
82,0,117,32
82,0,117,32
82,0,117,32
82,0,117,31
82,0,117,31
82,0,117,32
82,0,117,32
82,0,117,33
82,0,117,34
82,0,117,34
82,0,117,34
82,0,117,34
82,0,117,34
82,0,117,35
82,0,117,35
82,0,117,35
82,0,117,36
82,0,117,35
83,0,117,36
83,0,117,36
83,0,117,34
84,0,117,33
84,0,117,33
84,0,117,33
85,0,117,33
85,0,117,33
85,0,117,34
86,0,117,34
86,0,117,35
86,0,117,35
86,0,117,35
87,0,117,36
87,0,117,37
87,0,117,36
87,0,117,36
87,0,117,36
87,0,117,36
87,0,117,36
87,0,117,36
87,0,117,37
87,0,117,37
87,0,117,36
87,0,117,36
87,0,117,36
88,0,117,36
88,0,117,36
88,0,117,36
88,0,117,35
89,0,117,35
89,0,117,34
89,0,117,33
89,0,117,32
89,0,117,31
89,0,117,100
89,0,117,100
89,0,117,100
89,0,117,100
89,0,117,100
89,0,117,100
89,0,117,100
89,0,117,100
89,0,117,100
89,0,117,100
89,0,117,100
89,0,117,100
89,0,117,100
89,0,117,100
89,0,117,100
89,0,117,100
89,0,117,100
89,0,117,100
89,0,117,100
89,0,117,100
89,0,117,100
89,0,117,100
89,0,117,100
89,0,117,100
89,0,117,100
89,0,117,100
89,0,117,100
89,0,117,100
89,0,117,100
89,0,117,100
89,0,117,100
89,0,117,100
89,0,117,100
89,0,117,100
89,0,117,100
89,0,117,100
89,0,117,100
89,0,117,100
89,0,117,100
89,0,117,100
89,0,117,100
89,0,117,100
89,0,117,100
89,0,117,100
89,0,117,100
89,0,117,100
89,0,117,100
89,0,117,100
89,0,117,100
89,0,117,100
89,0,117,100
89,0,117,100
89,0,117,100
89,0,117,100
89,0,117,100
89,0,117,100
89,0,117,100
89,0,117,100
89,0,117,100
89,0,117,100
89,0,117,100
89,0,117,100
89,0,117,100
89,0,117,100
89,0,117,100
89,0,117,100
89,0,117,100
89,0,117,100
89,0,117,100
89,0,117,100
89,0,117,100
89,0,117,100
89,0,117,100
89,0,117,100
89,0,117,100
89,0,117,100
89,0,117,100
89,0,117,100
89,0,117,100
89,0,117,100
89,0,117,100
89,0,117,100
89,0,117,100
89,0,117,100
89,0,117,100
89,0,117,100
89,0,117,100
89,0,117,100
89,0,117,100
89,0,117,100
89,0,117,100
89,0,117,100
89,0,117,100
89,0,117,100
89,0,117,100
89,0,117,100
89,0,117,100
89,0,117,100
108,0,117,31
104,0,117,32
101,0,117,33
98,0,117,33
95,0,117,32
93,0,117,32
91,0,117,31
89,0,117,31
89,0,117,100
89,0,117,100
89,0,117,100
89,0,117,100
89,0,117,100
89,0,117,100
89,0,117,100
89,0,117,100
89,0,117,100
89,0,117,100
89,0,117,100
89,0,117,100
89,0,117,100
89,0,117,100
89,0,117,100
89,0,117,100
89,0,117,100
89,0,117,100
89,0,117,100
89,0,117,100
89,0,117,100
89,0,117,100
89,0,117,100
89,0,117,100
89,0,117,100
89,0,117,100
89,0,117,100
89,0,117,100
89,0,117,100
89,0,117,100
89,0,117,100
89,0,117,100
89,0,117,100
89,0,117,100
89,0,117,100
89,0,117,100
89,0,117,100
89,0,117,100
89,0,117,100
89,0,117,100
89,0,117,100
89,0,117,100
89,0,117,100
89,0,117,100
89,0,117,100
89,0,117,100
89,0,117,100
89,0,117,100
89,0,117,100
89,0,117,100
89,0,117,100
89,0,117,100
89,0,117,100
89,0,117,100
89,0,117,100
89,0,117,100
89,0,117,100
89,0,117,100
89,0,117,100
89,0,117,100
89,0,117,100
89,0,117,100
89,0,117,100
89,0,117,100
89,0,117,100
89,0,117,100
89,0,117,100
89,0,117,100
89,0,117,100
89,0,117,100
89,0,117,100
89,0,117,100
89,0,117,100
89,0,117,100
89,0,117,100
89,0,117,100
89,0,117,100
89,0,117,100
89,0,117,100
89,0,117,100
89,0,117,100
89,0,117,100
89,0,117,100
89,0,117,100
89,0,117,100
89,0,117,100
89,0,117,100
89,0,117,100
89,0,117,100
89,0,117,100
89,0,117,100
89,0,117,100
89,0,117,100
89,0,117,100
89,0,117,100
89,0,117,100
89,0,117,100
89,0,117,100
89,0,117,100
89,0,117,100
89,0,117,100
89,0,117,100
89,0,117,100
89,0,117,100
89,0,117,100
89,0,117,100
89,0,117,100
89,0,117,100
89,0,117,100
89,0,117,100
89,0,117,100
89,0,117,100
89,0,117,100
89,0,117,100
89,0,117,100
89,0,117,100
89,0,117,100
89,0,117,100
89,0,117,100
89,0,117,100
89,0,117,100
89,0,117,100
89,0,117,100
89,0,117,100
89,0,117,100
89,0,117,100
89,0,117,100
89,0,117,100
89,0,117,100
89,0,117,100
89,0,117,100
89,0,117,100
89,0,117,100
89,0,117,100
89,0,117,100
89,0,117,100
89,0,117,100
89,0,117,100
89,0,117,100
89,0,117,100
89,0,117,100
89,0,117,100
89,0,117,100
89,0,117,100
89,0,117,100
89,0,117,100
89,0,117,100
89,0,117,100
89,0,117,100
89,0,117,100
89,0,117,100
89,0,117,100
89,0,117,100
89,0,117,100
89,0,117,100
89,0,117,100
89,0,117,100
89,0,117,100
89,0,117,100
89,0,117,100
89,0,117,100
89,0,117,100
89,0,117,100
89,0,117,100
89,0,117,100
89,0,117,100
89,0,117,100
89,0,117,100
89,0,117,100
89,0,117,100
89,0,117,100
89,0,117,100
89,0,117,100
89,0,117,100
89,0,117,100
89,0,117,100
89,0,117,100
89,0,117,100
89,0,117,100
89,0,117,100
89,0,117,100
89,0,117,100
89,0,117,100
89,0,117,100
89,0,117,100
89,0,117,100
89,0,117,100
89,0,117,100
89,0,117,100
89,0,117,100
89,0,117,100
89,0,117,100
89,0,117,100
89,0,117,100
89,0,117,100
89,0,117,100
89,0,117,100
89,0,117,100
89,0,117,100
89,0,117,100
89,0,117,100
89,0,117,100
89,0,117,100
89,0,117,100
89,0,117,100
89,0,117,100
89,0,117,100
89,0,117,100
89,0,117,100
89,0,117,100
89,0,117,100
89,0,117,100
89,0,117,100
89,0,117,100
89,0,117,100
89,0,117,100
89,0,117,100
89,0,117,100
89,0,117,100
89,0,117,100
89,0,117,100
89,0,117,100
89,0,117,100
89,0,117,100
89,0,117,100
89,0,117,100
89,0,117,100
89,0,117,100
89,0,117,100
89,0,117,100
89,0,117,100
89,0,117,100
89,0,117,100
89,0,117,100
89,0,117,100
89,0,117,100
89,0,117,100
89,0,117,100
89,0,117,100
89,0,117,100
89,0,117,100
89,0,117,100
89,0,117,100
89,0,117,100
89,0,117,100
89,0,117,100
89,0,117,100
89,0,117,100
89,0,117,100
89,0,117,100
89,0,117,100
89,0,117,100
89,0,117,100
89,0,117,100
89,0,117,100
89,0,117,100
89,0,117,100
89,0,117,100
89,0,117,100
89,0,117,100
89,0,117,100
89,0,117,100
89,0,117,100
89,0,117,100
89,0,117,100
89,0,117,100
89,0,117,100
89,0,117,100
89,0,117,100
89,0,117,100
89,0,117,100
89,0,117,100
89,0,117,100
89,0,117,100
89,0,117,100
89,0,117,100
89,0,117,100
89,0,117,100
89,0,117,100
89,0,117,100
89,0,117,100
89,0,117,100
89,0,117,100
89,0,117,100
89,0,117,100
89,0,117,100
89,0,117,100
89,0,117,100
89,0,117,100
89,0,117,100
89,0,117,100
89,0,117,100
89,0,117,100
89,0,117,100
89,0,117,100
89,0,117,100
89,0,117,100
89,0,117,100
89,0,117,100
89,0,117,100
89,0,117,100
89,0,117,100
89,0,117,100
89,0,117,100
89,0,117,100
89,0,117,100
89,0,117,100
89,0,117,100
89,0,117,100
89,0,117,100
89,0,117,100
108,0,117,32
104,0,117,34
101,0,117,34
98,0,117,35
96,0,117,36
94,0,117,36
93,0,117,37
92,0,117,37
90,0,117,38
89,0,117,38
88,0,117,39
87,0,117,39
86,0,117,40
85,0,117,40
85,0,117,39
84,0,117,39
83,0,117,39
83,0,117,38
82,0,117,38
82,0,117,39
82,0,117,38
81,0,117,36
81,0,117,35
81,0,117,34
81,0,117,34
80,0,117,34
80,0,117,33
80,0,117,32
80,0,117,31
80,0,117,31
80,0,117,31
80,0,117,100
80,0,117,100
80,0,117,100
80,0,117,100
80,0,117,100
80,0,117,100
80,0,117,100
80,0,117,100
80,0,117,100
80,0,117,100
80,0,117,100
80,0,117,100
80,0,117,100
80,0,117,100
80,0,117,100
80,0,117,100
80,0,117,100
80,0,117,100
80,0,117,100
80,0,117,100
80,0,117,100
80,0,117,100
80,0,117,100
80,0,117,100
80,0,117,100
80,0,117,100
80,0,117,100
80,0,117,100
80,0,117,100
108,0,117,32
104,0,117,34
101,0,117,35
99,0,117,36
97,0,117,37
95,0,117,39
93,0,117,39
92,0,117,39
90,0,117,39
89,0,117,40
87,0,117,42
86,0,117,42
85,0,117,41
85,0,117,42
84,0,117,41
84,0,117,40
84,0,117,39
84,0,117,38
84,0,117,38
84,0,117,38
85,0,117,37
85,0,117,37
85,0,117,39
85,0,117,39
85,0,117,39
85,0,117,38
85,0,117,38
85,0,117,38
85,0,117,37
85,0,117,37
85,0,117,36
85,0,117,36
85,0,117,36
85,0,117,36
85,0,117,35
85,0,117,35
85,0,117,34
85,0,117,34
85,0,117,33
85,0,117,32
85,0,117,100
85,0,117,100
85,0,117,100
85,0,117,100
85,0,117,100
85,0,117,100
