149,0,160,100
149,0,160,100
149,0,160,100
148,0,160,100
148,0,160,100
148,0,160,100
148,0,160,100
148,0,160,100
148,0,160,100
148,0,160,100
147,0,160,100
147,0,160,100
147,0,160,100
146,0,160,100
146,0,160,100
146,0,160,100
146,0,160,100
145,0,160,100
145,0,160,100
145,0,160,100
144,0,160,100
144,0,160,100
144,0,160,100
144,0,160,100
144,0,160,100
143,0,160,95
143,0,160,92
143,0,160,86
142,0,160,81
142,0,160,77
142,0,160,72
142,0,160,68
142,0,160,65
142,0,160,61
142,0,160,58
142,0,160,55
142,0,160,53
142,0,160,51
142,0,160,48
142,0,160,46
142,0,160,44
142,0,160,42
142,0,160,40
142,0,160,38
141,0,160,35
141,0,160,33
141,0,160,74
141,0,160,71
144,0,160,28
143,0,160,26
143,0,160,24
142,0,160,22
141,0,160,21
141,0,160,59
141,0,160,57
141,0,160,55
141,0,160,53
141,0,160,51
141,0,160,50
141,0,160,48
141,0,160,46
141,0,160,45
141,0,160,45
141,0,160,44
153,17,147,44
145,0,147,34
138,0,147,35
133,0,147,36
128,0,147,36
123,0,147,36
120,0,147,37
116,0,147,37
114,0,147,38
112,0,147,38
112,0,147,0
112,0,147,0
112,0,147,0
112,0,147,0
112,0,147,0
112,0,147,0
112,0,147,0
112,0,147,0
112,0,147,0
112,0,147,0
112,0,147,0
112,0,147,0
112,0,147,0
112,0,147,0
112,0,147,0
112,0,147,0
112,0,147,0
112,0,147,0
112,0,147,0
112,0,147,0
112,0,147,0
112,0,147,0
112,0,147,0
112,0,147,0
112,0,147,0
112,0,147,0
112,0,147,0
112,0,147,0
112,0,147,0
112,0,147,0
112,0,147,0
112,0,147,0
112,0,147,0
112,0,147,0
112,0,147,0
112,0,147,0
112,0,147,0
112,0,147,0
112,0,147,0
112,0,147,0
112,0,147,0
112,0,147,0
145,0,147,27
147,0,147,26
149,0,147,25
152,0,147,23
153,0,147,23
154,0,147,22
155,0,147,21
156,0,147,21
156,0,147,21
157,0,147,21
157,0,147,46
157,0,147,46
157,0,147,46
157,0,147,46
157,0,147,46
157,0,147,45
157,0,147,45
157,0,147,45
157,0,147,45
157,0,147,45
157,0,147,44
157,0,147,44
157,0,147,44
157,0,147,44
157,0,147,44
157,0,147,43
157,0,147,43
157,0,147,42
157,0,147,42
157,0,147,42
157,0,147,41
157,0,147,41
157,0,147,40
157,0,147,40
157,0,147,39
157,0,147,39
157,0,147,38
157,0,147,38
157,0,147,38
157,0,147,37
157,0,147,37
157,0,147,36
157,0,147,36
157,0,147,36
157,0,147,35
157,0,147,34
157,0,147,34
157,0,147,33
157,0,147,33
157,0,147,32
157,0,147,32
157,0,147,31
157,0,147,31
157,0,147,31
157,0,147,30
157,0,147,30
157,0,147,30
157,0,147,29
157,0,147,29
157,0,147,29
157,0,147,29
157,0,147,29
157,0,147,29
157,0,147,28
157,0,147,27
157,0,147,26
157,0,147,26
157,0,147,25
157,0,147,24
157,0,147,24
157,0,147,23
157,0,147,23
157,0,147,22
157,0,147,22
157,0,147,22
157,0,147,22
157,0,147,22
157,0,147,22
146,0,147,22
147,0,147,22
148,0,147,22
149,0,147,24
150,0,147,24
150,0,147,24
151,0,147,26
152,0,147,27
152,0,147,28
153,0,147,30
153,0,147,31
153,0,147,32
154,0,147,33
154,0,147,33
154,0,147,33
154,0,147,34
155,0,147,34
155,0,147,35
155,0,147,35
155,0,147,36
155,0,147,36
155,0,147,37
155,0,147,38
155,0,147,39
155,0,147,40
155,0,147,41
155,0,147,42
155,0,147,43
155,0,147,43
155,0,147,43
155,0,147,44
155,0,147,45
155,0,147,44
155,0,147,45
155,0,147,45
155,0,147,44
155,0,147,43
155,0,147,42
155,0,147,42
155,0,147,40
155,0,147,40
155,0,147,40
155,0,147,38
155,0,147,38
155,0,147,38
155,0,147,36
155,0,147,36
155,0,147,36
155,0,147,33
155,0,147,33
155,0,147,33
155,0,147,34
155,0,147,34
155,0,147,37
155,0,147,39
155,0,147,39
155,0,147,39
155,0,147,38
155,0,147,39
155,0,147,39
155,0,147,39
155,0,147,40
155,0,147,41
155,0,147,41
155,0,147,40
155,0,147,40
155,0,147,40
155,0,147,40
155,0,147,40
155,0,147,40
155,0,147,39
155,0,147,39
155,0,147,39
155,0,147,40
155,0,147,40
155,0,147,40
155,0,147,41
155,0,147,42
155,0,147,42
155,0,147,42
155,0,147,42
155,0,147,42
155,0,147,43
155,0,147,44
155,0,147,45
155,0,147,45
155,0,147,45
155,0,147,45
155,0,147,46
155,0,147,45
155,0,147,45
155,0,147,44
155,0,147,44
155,0,147,41
155,0,147,40
155,0,147,40
155,0,147,40
155,0,147,40
155,0,147,40
155,0,147,39
155,0,147,39
155,0,147,36
155,0,147,35
155,0,147,36
155,0,147,35
155,0,147,35
155,0,147,34
155,0,147,33
155,0,147,33
155,0,147,32
155,0,147,32
155,0,147,31
155,0,147,31
155,0,147,30
155,0,147,30
155,0,147,29
155,0,147,29
155,0,147,29
155,0,147,28
155,0,147,28
154,0,147,28
154,0,147,28
154,0,147,28
154,0,147,27
154,0,147,26
154,0,147,27
154,0,147,27
154,0,147,27
154,0,147,26
154,0,147,26
154,0,147,25
154,0,147,25
154,0,147,24
154,0,147,25
154,0,147,24
154,0,147,24
154,0,147,24
154,0,147,24
154,0,147,24
154,0,147,23
154,0,147,23
154,0,147,23
154,0,147,23
154,0,147,23
154,0,147,23
154,0,147,24
154,0,147,25
154,0,147,25
154,0,147,25
154,0,147,26
154,0,147,26
154,0,147,26
154,0,147,27
154,0,147,27
154,0,147,27
155,0,147,27
155,0,147,27
155,0,147,27
155,0,147,27
155,0,147,26
155,0,147,26
155,0,147,26
155,17,158,28
155,0,158,28
155,0,158,30
155,0,158,32
155,0,158,33
155,0,158,33
155,0,158,33
155,0,158,34
155,0,158,34
155,0,158,37
155,0,158,40
155,0,158,43
155,0,158,46
155,0,158,49
155,0,158,50
155,0,158,52
155,0,158,53
155,0,158,54
155,0,158,56
155,0,158,59
155,0,158,61
155,0,158,63
155,0,158,67
155,0,158,69
155,17,158,68
155,19,158,70
156,0,158,72
156,16,158,71
156,0,158,72
156,0,158,72
157,0,158,73
157,0,158,74
157,0,158,75
157,0,158,75
157,0,158,76
157,0,158,75
157,0,158,75
157,0,158,75
157,0,158,76
157,0,158,75
157,0,158,73
157,0,158,72
157,0,158,71
157,0,158,68
157,0,158,67
157,0,158,67
157,0,158,66
157,0,158,66
157,0,158,66
158,0,158,64
158,0,158,60
158,0,158,55
158,0,158,52
159,0,158,49
159,0,158,48
160,0,158,46
160,0,158,45
160,0,158,43
160,0,158,41
161,0,158,38
161,0,158,35
161,0,158,29
161,0,158,30
161,0,158,28
160,0,158,26
160,0,158,26
159,0,158,25
158,0,158,24
157,0,158,24
156,0,158,22
155,0,158,21
155,0,158,20
155,0,158,20
155,0,158,20
155,0,158,20
155,0,158,20
155,0,158,19
155,0,158,19
155,0,158,19
155,0,158,18
155,0,158,18
155,0,158,18
155,0,158,18
155,0,158,18
155,0,158,17
155,0,158,17
155,0,158,16
155,0,158,17
155,0,158,17
155,0,158,17
155,0,158,18
155,0,158,18
155,0,158,17
155,0,158,17
155,0,158,17
155,0,158,17
155,0,158,17
155,0,158,18
155,0,158,17
155,0,158,17
155,0,158,17
155,0,158,17
155,0,158,17
155,0,158,17
155,0,158,18
155,0,158,18
155,0,158,18
155,0,158,18
155,0,158,18
155,0,158,18
155,0,158,19
155,0,158,18
155,0,158,19
155,0,158,19
155,0,158,19
155,0,158,19
155,0,158,19
155,0,158,20
155,0,158,20
155,0,158,21
155,0,158,20
155,0,158,20
155,0,158,20
155,0,158,20
155,0,158,20
155,0,158,20
155,0,158,20
155,0,158,20
155,0,158,20
155,0,158,21
153,0,158,21
153,0,158,22
154,0,158,22
154,0,158,23
154,0,158,23
154,0,158,23
155,0,158,24
155,0,158,24
155,0,158,24
155,0,158,24
155,0,158,24
155,0,158,23
155,0,158,23
155,0,158,23
155,0,158,23
155,0,158,23
155,0,158,22
155,0,158,22
155,0,158,21
155,0,158,21
155,0,158,21
155,0,158,20
155,0,158,20
155,0,158,21
155,0,158,22
155,0,158,23
155,0,158,24
155,0,158,24
155,0,158,24
155,0,158,24
155,0,158,26
155,0,158,26
155,0,158,27
155,0,158,28
155,0,158,29
155,0,158,29
155,0,158,30
155,0,158,31
155,0,158,33
155,0,158,35
155,0,158,37
155,0,158,39
156,0,158,41
156,0,158,43
156,0,158,45
156,0,158,47
157,0,158,49
157,0,158,51
158,0,158,53
158,0,158,55
158,0,158,58
158,0,158,60
159,0,158,63
159,0,158,65
159,0,158,67
159,0,158,69
159,0,158,70
159,0,158,72
159,0,158,73
159,0,158,74
159,0,158,76
159,0,158,76
159,0,158,76
159,0,158,76
159,0,158,75
159,0,158,75
159,0,158,75
159,0,158,74
159,0,158,75
159,0,158,74
159,0,158,74
159,0,158,73
159,0,158,73
159,0,158,72
159,0,158,73
159,0,158,74
159,0,158,75
159,0,158,75
159,16,160,75
159,0,160,76
159,0,160,75
159,0,160,74
159,0,160,74
159,16,152,75
159,0,152,75
159,17,157,76
159,0,157,77
159,0,157,76
159,0,157,76
159,0,157,75
159,0,157,74
159,0,157,73
159,0,157,72
159,0,157,71
159,0,157,71
159,0,157,71
159,0,157,70
159,0,157,69
159,0,157,69
160,0,157,68
160,0,157,68
160,0,157,68
160,0,157,68
161,0,157,68
161,0,157,69
161,0,157,68
162,0,157,68
162,0,157,68
162,0,157,68
162,0,157,68
163,0,157,68
163,0,157,68
163,0,157,68
163,0,157,0
163,0,157,0
163,0,157,0
163,0,157,0
163,0,157,0
163,0,157,0
163,0,157,59
150,0,157,58
144,0,157,56
139,0,157,54
134,0,157,52
129,0,157,50
126,0,157,47
122,0,157,44
120,0,157,43
120,0,157,0
120,0,157,0
120,0,157,0
120,0,157,0
120,0,157,0
120,0,157,0
120,0,157,0
120,0,157,0
120,0,157,0
120,0,157,0
120,0,157,0
120,0,157,0
120,0,157,0
120,0,157,0
120,0,157,0
120,0,157,0
120,0,157,0
120,0,157,0
120,0,157,0
120,0,157,0
120,0,157,0
120,0,157,0
120,0,157,0
120,0,157,0
120,0,157,0
120,0,157,0
120,0,157,0
120,0,157,0
120,0,157,0
120,0,157,0
120,0,157,0
120,0,157,0
120,0,157,0
120,0,157,0
120,0,157,0
120,0,157,0
120,0,157,0
120,0,157,0
120,0,157,53
146,0,157,52
146,0,157,51
143,0,157,51
145,0,157,50
147,0,157,50
149,0,157,49
150,0,157,48
152,0,157,47
153,0,157,47
153,0,157,47
154,0,157,49
154,0,157,49
155,0,157,50
155,0,157,49
155,0,157,48
155,0,157,48
155,0,157,48
155,0,157,47
155,0,157,47
155,0,157,47
155,0,157,47
155,0,157,46
155,0,157,45
155,0,157,44
155,0,157,43
155,0,157,44
155,0,157,45
154,0,157,46
154,0,157,50
154,0,157,52
154,0,157,56
153,0,157,59
153,0,157,62
153,0,157,65
153,0,157,68
153,0,157,71
153,0,157,74
153,0,157,77
153,0,157,80
153,0,157,82
153,0,157,84
153,0,157,86
153,0,157,88
153,0,157,89
153,0,157,91
153,0,157,93
152,0,157,94
152,0,157,95
152,0,157,94
152,0,157,94
151,0,157,91
151,0,157,90
151,0,157,88
150,0,157,88
150,0,157,87
150,0,157,86
150,0,157,86
150,0,157,85
150,0,157,85
150,0,157,85
150,0,157,86
150,0,157,86
150,0,157,86
150,0,157,86
150,0,157,84
150,0,157,83
150,0,157,80
150,0,157,78
150,0,157,74
151,0,157,71
151,0,157,67
151,0,157,64
151,0,157,61
151,0,157,57
151,0,157,54
151,0,157,50
151,0,157,47
151,0,157,45
151,0,157,42
151,0,157,40
151,0,157,37
151,0,157,34
151,0,157,32
152,0,157,30
152,0,157,28
152,0,157,26
152,0,157,24
153,0,157,23
153,0,157,21
153,0,157,29
153,0,157,29
153,0,157,28
153,0,157,28
153,0,157,27
153,0,157,27
153,0,157,27
153,0,157,26
153,0,157,26
153,0,157,25
153,0,157,25
153,0,157,24
153,0,157,24
153,0,157,23
153,0,157,23
153,0,157,22
153,0,157,22
153,0,157,22
153,0,157,21
153,0,157,21
153,0,157,21
153,0,157,20
153,0,157,20
153,0,157,20
153,0,157,20
153,0,157,19
153,0,157,19
153,0,157,19
153,0,157,19
153,0,157,20
153,0,157,20
153,0,157,20
153,0,157,20
153,0,157,20
153,0,157,21
153,0,157,21
153,0,157,21
153,0,157,22
153,0,157,22
153,0,157,22
153,0,157,23
153,0,157,23
153,0,157,23
153,0,157,23
153,0,157,24
153,0,157,24
153,0,157,24
153,0,157,24
153,0,157,24
153,0,157,25
153,0,157,25
153,0,157,25
153,0,157,26
153,0,157,26
153,0,157,26
153,0,157,26
153,0,157,26
153,0,157,27
153,0,157,27
153,0,157,27
153,0,157,27
153,0,157,28
153,0,157,28
153,0,157,28
153,0,157,28
153,0,157,28
153,0,157,28
153,0,157,28
153,0,157,28
153,0,157,28
153,0,157,27
153,0,157,27
153,0,157,27
153,0,157,27
153,0,157,27
153,0,157,27
153,0,157,26
153,0,157,26
153,0,157,26
153,0,157,26
153,0,157,26
153,0,157,26
153,0,157,26
153,0,157,27
153,0,157,27
153,0,157,27
153,0,157,27
153,0,157,27
153,0,157,27
153,0,157,27
153,0,157,27
153,0,157,27
153,0,157,27
153,0,157,27
153,0,157,27
153,0,157,27
153,0,157,27
153,0,157,27
153,0,157,27
153,0,157,27
153,0,157,26
153,0,157,26
153,0,157,26
153,0,157,26
153,0,157,26
153,0,157,26
153,0,157,26
153,0,157,26
153,0,157,26
153,0,157,26
153,0,157,26
153,0,157,26
153,0,157,26
153,0,157,26
153,0,157,26
153,0,157,26
153,0,157,25
153,0,157,25
153,0,157,26
153,0,157,25
153,0,157,25
153,0,157,26
153,0,157,25
153,0,157,25
153,0,157,25
153,0,157,25
153,0,157,25
153,0,157,25
153,0,157,24
153,0,157,24
153,0,157,24
153,0,157,24
153,0,157,24
153,0,157,24
153,0,157,23
153,0,157,23
153,0,157,23
153,0,157,23
153,0,157,22
153,0,157,22
153,0,157,22
153,0,157,21
153,0,157,21
153,0,157,21
153,0,157,22
153,0,157,22
153,0,157,23
153,0,157,23
153,0,157,23
153,0,157,23
153,0,157,23
153,0,157,24
153,0,157,24
153,0,157,23
153,0,157,24
153,0,157,24
153,0,157,24
153,0,157,25
153,0,157,25
153,0,157,25
153,0,157,25
153,0,157,24
153,0,157,23
153,0,157,23
153,0,157,24
153,0,157,25
153,0,157,26
153,0,157,26
153,0,157,29
153,0,157,35
153,0,157,37
153,0,157,39
153,0,157,41
153,0,157,43
152,0,157,44
152,0,157,45
152,0,157,45
152,0,157,45
151,0,157,45
151,0,157,45
150,0,157,46
150,0,157,45
150,0,157,46
149,0,157,46
149,0,157,46
148,16,159,47
148,0,159,50
148,0,159,50
147,0,159,50
147,0,159,50
147,0,159,50
146,0,159,51
146,0,159,51
146,0,159,52
146,0,159,53
146,0,159,54
146,0,159,54
146,0,159,55
146,0,159,56
146,0,159,56
146,0,159,57
146,0,159,58
146,0,159,59
147,0,159,58
147,0,159,57
147,0,159,58
148,0,159,58
148,0,159,57
149,0,159,55
149,0,159,54
150,0,159,55
151,0,159,55
152,0,159,54
152,0,159,55
153,0,159,56
154,0,159,57
155,0,159,59
156,0,159,61
156,0,159,63
157,0,159,65
157,0,159,66
157,0,159,69
158,0,159,69
158,0,159,71
158,0,159,72
158,0,159,72
159,0,159,72
159,0,159,73
159,0,159,74
159,0,159,76
159,0,159,77
159,0,159,78
159,0,159,79
159,0,159,79
159,0,159,78
159,0,159,78
159,0,159,78
159,0,159,76
159,0,159,75
159,0,159,76
159,0,159,75
159,0,159,73
159,0,159,73
159,0,159,72
159,0,159,71
159,0,159,70
159,0,159,69
159,0,159,68
159,0,159,67
159,0,159,65
159,0,159,63
159,0,159,61
159,0,159,59
159,0,159,57
159,0,159,54
159,0,159,53
159,0,159,51
159,0,159,49
159,0,159,47
159,0,159,45
159,0,159,43
159,0,159,42
159,0,159,40
158,0,159,38
158,0,159,36
158,0,159,35
158,0,159,33
157,0,159,32
157,0,159,28
157,0,159,27
157,0,159,26
157,0,159,26
157,0,159,25
157,0,159,26
157,0,159,25
157,0,159,25
157,0,159,24
157,0,159,24
157,0,159,24
157,0,159,25
157,0,159,25
157,0,159,25
157,0,159,25
157,0,159,26
157,0,159,27
157,0,159,27
157,0,159,27
157,0,159,28
157,0,159,28
157,0,159,29
157,0,159,30
157,0,159,31
157,0,159,32
157,0,159,32
157,0,159,33
157,0,159,34
157,0,159,35
157,0,159,35
157,0,159,35
157,0,159,35
157,0,159,34
157,0,159,35
157,0,159,35
157,0,159,36
157,0,159,36
157,0,159,37
157,0,159,38
157,0,159,39
157,0,159,39
157,0,159,40
157,0,159,40
157,0,159,39
157,0,159,40
157,0,159,38
157,0,159,38
157,0,159,38
157,0,159,37
157,0,159,38
157,0,159,37
157,0,159,36
157,0,159,36
157,0,159,36
157,0,159,36
157,0,159,36
157,0,159,35
157,0,159,34
157,0,159,34
157,0,159,34
157,0,159,34
157,0,159,33
157,0,159,33
157,0,159,32
157,0,159,32
157,0,159,31
157,0,159,31
157,0,159,30
157,0,159,28
157,0,159,28
157,0,159,28
157,0,159,28
157,0,159,29
157,0,159,28
157,0,159,28
157,0,159,28
157,0,159,28
157,0,159,27
157,0,159,27
157,0,159,26
157,0,159,26
157,0,159,25
157,0,159,25
157,0,159,25
157,0,159,25
157,0,159,25
157,0,159,25
157,0,159,25
157,0,159,25
157,0,159,25
157,0,159,25
157,0,159,25
157,0,159,25
157,0,159,25
157,0,159,25
157,0,159,24
157,0,159,24
157,0,159,23
157,0,159,23
157,0,159,23
157,0,159,22
157,0,159,21
157,0,159,21
157,0,159,21
157,0,159,21
157,0,159,27
157,0,159,27
157,0,159,27
157,0,159,26
157,0,159,26
157,0,159,25
157,0,159,25
157,0,159,25
157,0,159,24
157,0,159,24
157,0,159,24
157,0,159,24
157,0,159,23
157,0,159,23
157,0,159,23
157,0,159,23
157,0,159,24
157,0,159,24
157,0,159,24
157,0,159,24
157,0,159,24
157,0,159,25
157,0,159,25
157,0,159,25
157,0,159,25
157,0,159,26
157,0,159,26
157,0,159,26
157,0,159,26
157,0,159,26
157,0,159,27
157,0,159,26
157,0,159,27
157,0,159,26
157,0,159,26
157,0,159,26
157,0,159,25
157,0,159,24
157,0,159,24
157,0,159,23
157,0,159,23
157,0,159,22
157,0,159,22
157,0,159,22
157,0,159,22
157,0,159,22
157,0,159,22
157,0,159,22
157,0,159,22
157,0,159,22
157,0,159,21
157,0,159,21
157,0,159,21
157,0,159,20
157,0,159,20
157,0,159,20
157,0,159,19
157,0,159,20
157,0,159,20
157,0,159,19
157,0,159,19
157,0,159,18
157,0,159,18
157,0,159,18
157,0,159,17
157,0,159,17
157,0,159,17
157,0,159,17
157,0,159,17
157,0,159,17
157,0,159,18
157,0,159,18
157,0,159,18
157,0,159,18
157,0,159,18
157,0,159,18
157,0,159,18
157,0,159,17
157,0,159,17
157,0,159,16
157,0,159,16
157,0,159,16
157,0,159,16
157,0,159,16
157,0,159,15
157,0,159,14
157,0,159,14
157,0,159,13
157,0,159,13
157,0,159,13
157,0,159,13
157,0,159,13
157,0,159,13
157,0,159,13
157,0,159,13
157,0,159,13
157,0,159,13
157,0,159,13
157,0,159,13
157,0,159,13
157,0,159,13
157,0,159,13
157,0,159,13
157,0,159,13
157,0,159,12
157,0,159,12
157,0,159,12
157,0,159,12
157,0,159,12
157,0,159,12
157,0,159,12
157,0,159,12
157,0,159,12
157,0,159,13
157,0,159,13
157,0,159,13
157,0,159,14
157,0,159,14
157,0,159,15
157,0,159,15
157,0,159,15
157,0,159,15
157,0,159,15
157,0,159,14
157,0,159,14
157,0,159,14
157,0,159,14
157,0,159,14
157,0,159,14
157,0,159,14
157,0,159,14
157,0,159,14
157,0,159,14
157,0,159,14
157,0,159,14
157,0,159,14
157,0,159,14
157,0,159,13
157,0,159,13
157,0,159,14
157,0,159,14
157,0,159,14
157,0,159,14
157,0,159,13
157,0,159,13
157,0,159,13
157,0,159,14
157,0,159,14
157,0,159,14
157,0,159,14
157,0,159,14
157,0,159,15
157,0,159,15
157,0,159,15
157,0,159,14
157,0,159,13
157,0,159,12
157,0,159,12
157,0,159,11
157,0,159,11
157,0,159,12
157,0,159,12
157,0,159,12
157,0,159,12
157,0,159,12
157,0,159,12
157,0,159,11
157,0,159,12
157,0,159,12
157,0,159,12
157,0,159,13
157,0,159,14
157,0,159,14
157,0,159,15
157,0,159,15
157,0,159,17
157,0,159,17
157,0,159,17
157,0,159,18
157,0,159,18
157,0,159,19
157,0,159,19
157,0,159,19
157,0,159,20
157,0,159,21
156,0,159,21
156,0,159,22
157,0,159,24
157,0,159,25
157,0,159,26
158,0,159,28
158,0,159,31
159,0,159,43
159,22,159,50
159,22,159,58
159,23,159,64
159,37,159,68
160,41,159,73
160,44,159,82
160,54,159,91
159,61,159,100
158,36,159,100
158,18,159,100
157,0,159,100
157,0,159,100
157,21,159,100
156,23,159,100
156,16,159,100
157,0,159,100
157,0,159,100
157,0,159,100
158,0,159,100
158,0,159,100
158,0,159,100
158,0,159,100
159,0,159,100
159,0,159,100
159,0,159,100
159,0,159,100
159,0,159,100
159,0,159,100
159,0,159,100
159,0,159,100
159,0,159,100
159,0,159,100
159,0,159,100
159,0,159,100
159,0,159,100
159,0,159,100
159,0,159,100
159,0,159,100
159,0,159,100
159,0,159,100
159,0,159,100
159,0,159,100
159,0,159,100
159,0,159,100
159,0,159,100
159,0,159,100
159,0,159,100
158,0,159,93
158,0,159,91
158,0,159,92
158,0,159,91
157,0,159,90
157,0,159,87
157,0,159,82
157,0,159,77
157,0,159,73
156,0,159,70
156,0,159,66
156,0,159,62
156,0,159,60
155,0,159,57
155,0,159,55
155,0,159,53
155,0,159,51
155,0,159,50
155,0,159,49
155,0,159,46
155,0,159,45
155,0,159,45
155,0,159,44
155,0,159,43
155,0,159,42
155,0,159,41
155,0,159,41
155,0,159,41
155,0,159,39
155,0,159,39
155,0,159,39
155,0,159,38
155,0,159,38
155,0,159,38
155,0,159,38
155,0,159,37
155,0,159,36
155,0,159,36
155,0,159,34
155,0,159,32
155,0,159,31
155,0,159,31
155,0,159,31
155,0,159,31
155,0,159,33
155,0,159,33
155,0,159,33
155,0,159,33
155,0,159,33
155,0,159,32
155,0,159,35
155,0,159,35
155,0,159,35
155,0,159,35
155,0,159,35
155,0,159,35
155,0,159,36
155,0,159,36
155,0,159,35
155,0,159,35
155,0,159,35
155,0,159,35
155,0,159,34
155,0,159,34
155,0,159,34
155,19,157,36
155,17,159,37
155,0,159,38
155,0,159,38
155,0,159,40
155,0,159,40
155,0,159,40
155,0,159,39
155,0,159,39
155,0,159,41
155,0,159,41
155,0,159,42
155,0,159,42
155,0,159,42
155,0,159,41
155,0,159,41
155,0,159,41
155,0,159,39
155,0,159,37
155,0,159,37
155,0,159,37
155,0,159,37
155,0,159,38
155,0,159,38
155,0,159,37
155,0,159,36
155,0,159,35
155,0,159,36
155,0,159,36
155,0,159,35
155,0,159,35
155,0,159,34
155,0,159,35
155,0,159,36
155,0,159,35
155,0,159,35
155,0,159,35
155,0,159,35
155,0,159,36
155,0,159,35
155,0,159,33
155,0,159,31
155,0,159,30
155,0,159,30
155,0,159,29
155,0,159,27
155,0,159,26
155,0,159,27
155,0,159,27
155,0,159,27
155,0,159,27
155,0,159,28
155,0,159,28
155,0,159,28
155,0,159,28
155,0,159,28
155,0,159,28
155,0,159,28
155,0,159,28
155,0,159,28
155,0,159,28
155,0,159,28
155,0,159,27
155,0,159,26
155,0,159,26
155,0,159,25
155,0,159,26
155,0,159,26
155,0,159,25
155,0,159,24
155,0,159,24
155,0,159,24
155,0,159,23
155,0,159,22
155,0,159,22
155,0,159,21
155,0,159,21
155,0,159,21
155,0,159,23
155,0,159,24
155,0,159,25
155,0,159,26
155,0,159,27
155,0,159,29
155,0,159,30
155,0,159,31
155,0,159,31
155,0,159,32
155,0,159,32
155,0,159,32
155,0,159,33
155,0,159,33
155,0,159,33
155,0,159,33
155,0,159,34
155,0,159,34
155,0,159,34
155,0,159,34
155,0,159,34
155,0,159,35
155,0,159,35
155,0,159,35
155,0,159,35
155,0,159,35
155,0,159,35
155,0,159,35
155,0,159,35
155,0,159,35
155,0,159,34
155,0,159,34
155,0,159,35
155,0,159,35
155,0,159,35
155,0,159,35
155,0,159,34
155,0,159,34
155,0,159,35
155,0,159,35
155,0,159,35
155,0,159,35
155,0,159,35
155,0,159,35
155,0,159,35
155,0,159,35
155,0,159,35
155,0,159,35
155,0,159,35
155,0,159,35
155,0,159,35
155,0,159,35
155,0,159,35
155,0,159,35
155,0,159,35
155,0,159,35
155,0,159,35
155,0,159,35
155,0,159,35
155,0,159,35
155,0,159,35
155,0,159,35
155,0,159,35
155,0,159,36
155,0,159,36
155,0,159,36
155,0,159,36
155,0,159,36
155,0,159,36
155,0,159,37
155,0,159,37
155,0,159,37
155,0,159,37
155,0,159,37
155,0,159,37
155,0,159,37
155,0,159,37
155,0,159,38
155,0,159,38
155,0,159,38
155,0,159,38
155,0,159,38
155,0,159,37
155,0,159,38
155,0,159,38
155,0,159,38
155,0,159,38
155,0,159,38
155,0,159,38
155,0,159,37
155,0,159,37
155,0,159,37
155,0,159,37
155,0,159,37
155,0,159,37
155,0,159,37
155,0,159,36
155,0,159,36
155,0,159,36
155,0,159,36
155,0,159,35
155,0,159,35
155,0,159,35
155,0,159,34
155,0,159,34
155,0,159,34
155,0,159,33
155,0,159,33
155,0,159,32
155,0,159,32
155,0,159,32
155,0,159,31
155,0,159,31
155,0,159,30
155,0,159,29
155,0,159,29
155,0,159,28
155,0,159,28
155,0,159,27
155,0,159,26
155,0,159,26
155,0,159,25
155,0,159,24
155,0,159,23
155,0,159,22
155,0,159,22
155,0,159,21
155,0,159,21
155,0,159,20
155,0,159,19
155,0,159,19
155,0,159,19
155,0,159,18
155,0,159,17
155,0,159,16
155,0,159,16
155,0,159,15
155,0,159,15
155,0,159,15
155,17,157,18
155,0,157,20
155,0,157,21
154,0,157,23
154,0,157,25
153,0,157,26
153,0,157,27
152,0,157,28
152,0,157,29
152,0,157,30
152,0,157,31
152,0,157,31
152,0,157,31
152,0,157,31
152,0,157,32
152,0,157,32
152,0,157,33
152,0,157,34
152,0,157,34
152,0,157,33
152,0,157,33
152,0,157,33
152,0,157,34
152,0,157,35
152,0,157,35
152,0,157,35
152,0,157,35
152,0,157,35
152,0,157,35
152,0,157,35
152,0,157,36
152,0,157,35
152,0,157,35
152,0,157,35
152,0,157,35
152,0,157,35
152,0,157,36
152,0,157,35
152,0,157,36
152,0,157,34
152,0,157,32
152,0,157,31
152,0,157,30
152,0,157,30
152,0,157,29
152,0,157,28
152,0,157,29
152,0,157,29
152,0,157,30
152,0,157,29
152,0,157,30
151,0,157,31
151,0,157,32
151,0,157,32
150,0,157,33
150,0,157,33
150,0,157,33
150,0,157,33
150,0,157,33
150,0,157,34
150,0,157,35
150,0,157,35
149,0,157,36
149,0,157,37
149,0,157,37
148,0,157,37
148,0,157,37
148,0,157,38
148,0,157,39
147,0,157,40
147,0,157,40
147,0,157,41
147,0,157,41
146,0,157,41
146,0,157,41
146,0,157,40
146,0,157,41
146,0,157,41
146,0,157,41
146,0,157,40
146,0,157,39
146,0,157,40
146,0,157,39
146,0,157,39
146,0,157,39
146,0,157,37
146,0,157,36
147,0,157,36
147,0,157,37
147,0,157,35
148,0,157,34
148,0,157,34
148,0,157,33
149,0,157,33
149,0,157,34
149,0,157,36
149,0,157,38
150,0,157,42
150,0,157,43
150,0,157,44
150,0,157,46
151,0,157,45
151,0,157,46
151,0,157,48
151,0,157,49
151,0,157,51
151,0,157,51
151,0,157,51
151,0,157,51
151,0,157,50
151,0,157,50
151,0,157,50
151,0,157,50
151,0,157,51
151,0,157,50
151,0,157,50
151,0,157,49
151,0,157,49
151,0,157,49
151,0,157,49
151,0,157,48
151,0,157,46
151,0,157,46
151,0,157,45
151,0,157,44
151,0,157,44
151,0,157,44
151,0,157,43
151,0,157,42
151,0,157,42
151,0,157,42
151,0,157,41
151,0,157,42
151,0,157,41
151,0,157,39
151,0,157,37
151,0,157,34
151,0,157,31
151,0,157,28
151,0,157,27
151,0,157,26
151,0,157,25
152,0,157,23
152,0,157,22
152,0,157,21
152,0,157,26
152,0,157,27
152,0,157,27
152,0,157,27
152,0,157,28
152,0,157,28
152,0,157,28
152,0,157,29
152,0,157,29
152,0,157,29
152,0,157,29
152,0,157,30
152,0,157,30
152,0,157,30
152,0,157,30
152,0,157,30
152,0,157,30
152,0,157,31
152,0,157,30
152,0,157,30
152,0,157,30
152,0,157,31
152,0,157,31
152,0,157,31
152,0,157,31
152,0,157,31
152,0,157,31
152,0,157,31
152,0,157,31
152,0,157,31
152,0,157,31
152,0,157,31
152,0,157,31
153,0,157,21
153,0,157,21
153,0,157,22
153,0,157,22
153,0,157,21
153,0,157,21
153,0,157,30
153,0,157,30
153,0,157,30
153,0,157,29
153,0,157,29
153,0,157,29
153,0,157,28
153,0,157,28
153,0,157,28
153,0,157,22
153,0,157,22
153,0,157,22
153,0,157,23
153,0,157,23
153,0,157,24
153,0,157,24
153,0,157,24
153,0,157,24
153,0,157,24
153,0,157,24
153,0,157,24
153,0,157,24
153,0,157,24
153,0,157,24
153,0,157,24
153,0,157,24
153,0,157,24
153,0,157,24
153,0,157,24
153,0,157,24
153,0,157,24
153,0,157,24
153,0,157,23
153,0,157,22
153,0,157,22
153,0,157,22
153,0,157,22
153,0,157,22
153,0,157,22
153,0,157,23
153,0,157,23
153,0,157,24
153,0,157,24
153,0,157,23
153,0,157,23
153,0,157,23
153,0,157,22
153,0,157,22
153,0,157,21
153,0,157,22
153,0,157,22
153,0,157,22
153,0,157,22
153,0,157,22
153,0,157,22
153,0,157,22
153,0,157,22
153,0,157,22
153,0,157,21
153,0,157,21
153,0,157,21
153,0,157,21
153,0,157,21
153,0,157,21
153,0,157,21
153,0,157,21
153,0,157,21
153,0,157,21
153,0,157,20
153,0,157,20
153,0,157,20
153,0,157,20
153,0,157,20
153,0,157,20
153,0,157,20
153,0,157,20
153,0,157,19
153,0,157,19
153,0,157,18
153,0,157,18
153,0,157,18
153,0,157,18
153,0,157,18
153,0,157,18
153,0,157,18
153,0,157,18
153,0,157,17
153,0,157,17
153,0,157,17
153,0,157,17
153,0,157,17
153,0,157,17
153,0,157,17
153,0,157,17
153,0,157,17
153,0,157,17
153,0,157,17
153,0,157,17
153,0,157,17
153,0,157,17
153,0,157,17
153,0,157,17
153,0,157,16
153,0,157,16
153,0,157,16
153,0,157,17
153,0,157,17
153,0,157,17
153,0,157,17
153,0,157,17
153,0,157,18
153,0,157,18
153,0,157,18
153,0,157,19
153,0,157,19
153,0,157,20
153,0,157,21
153,0,157,21
153,0,157,22
153,0,157,23
153,0,157,23
153,0,157,24
153,0,157,25
153,0,157,25
153,0,157,26
153,0,157,26
153,0,157,27
153,0,157,27
153,0,157,27
153,0,157,27
152,0,157,21
152,0,157,22
152,0,157,22
152,0,157,22
151,0,157,22
151,0,157,23
150,0,157,23
150,0,157,23
150,0,157,24
149,0,157,24
149,0,157,24
149,0,157,23
149,0,157,23
148,0,157,23
148,0,157,23
148,0,157,23
148,0,157,23
148,0,157,23
149,0,157,23
149,0,157,23
148,0,157,23
148,0,157,22
148,0,157,21
148,0,157,20
148,0,157,19
148,0,157,19
148,0,157,18
148,0,157,18
148,0,157,17
148,0,157,17
148,0,157,16
148,0,157,16
148,0,157,16
148,0,157,16
148,0,157,16
148,0,157,15
148,0,157,14
148,0,157,15
148,0,157,15
148,0,157,14
148,0,157,14
148,0,157,13
148,0,157,13
148,0,157,13
148,0,157,13
148,0,157,13
148,0,157,12
148,0,157,12
148,0,157,13
148,0,157,13
148,0,157,13
148,0,157,13
148,0,157,13
148,0,157,13
148,0,157,13
148,0,157,13
148,0,157,13
148,0,157,13
148,0,157,13
148,0,157,13
148,0,157,14
148,0,157,14
148,0,157,14
148,0,157,14
148,0,157,14
148,0,157,14
148,0,157,14
148,0,157,14
148,0,157,13
148,0,157,14
148,0,157,13
148,0,157,12
148,0,157,12
148,0,157,12
148,0,157,11
148,0,157,11
148,0,157,11
148,0,157,10
148,0,157,10
148,0,157,10
148,0,157,10
148,0,157,10
148,0,157,10
148,0,157,10
148,0,157,10
148,0,157,10
148,0,157,10
148,0,157,10
148,0,157,10
148,0,157,10
148,0,157,11
148,0,157,11
148,0,157,11
148,0,157,11
148,0,157,12
148,0,157,12
148,0,157,12
148,0,157,12
148,0,157,12
148,0,157,12
148,0,157,12
148,0,157,11
148,0,157,11
148,0,157,11
148,0,157,11
148,0,157,12
148,0,157,12
148,0,157,13
148,0,157,13
148,0,157,14
148,0,157,15
148,0,157,15
148,0,157,16
148,0,157,17
148,0,157,18
148,0,157,19
148,0,157,19
148,0,157,20
148,0,157,21
148,0,157,22
148,0,157,23
148,0,157,24
148,0,157,25
148,0,157,26
148,0,157,27
148,0,157,28
148,0,157,28
148,0,157,29
148,0,157,29
148,0,157,30
148,0,157,30
148,0,157,31
148,0,157,32
148,0,157,33
148,0,157,33
148,0,157,34
148,0,157,35
148,0,157,36
148,0,157,37
148,0,157,37
148,0,157,38
148,0,157,39
148,0,157,39
148,0,157,40
148,0,157,40
148,0,157,40
148,0,157,40
148,0,157,40
148,0,157,40
148,0,157,40
148,0,157,40
148,0,157,40
148,0,157,40
148,0,157,39
148,0,157,39
148,0,157,39
148,0,157,38
148,0,157,38
148,0,157,37
148,0,157,36
148,0,157,35
148,0,157,35
148,0,157,34
148,0,157,33
148,0,157,32
148,0,157,31
148,0,157,31
148,0,157,30
148,0,157,29
148,0,157,28
148,0,157,27
148,0,157,26
148,0,157,25
148,0,157,24
151,0,157,22
151,0,157,23
151,0,157,23
151,0,157,23
151,0,157,23
151,0,157,23
151,0,157,24
151,0,157,23
151,0,157,23
151,0,157,22
151,0,157,22
151,0,157,22
151,0,157,21
151,0,157,22
151,0,157,22
151,0,157,22
151,0,157,21
151,0,157,21
151,0,157,21
151,0,157,20
151,0,157,20
151,0,157,20
151,0,157,20
151,0,157,20
151,0,157,20
151,0,157,20
151,0,157,20
151,0,157,19
151,0,157,19
151,0,157,19
151,0,157,19
151,0,157,19
151,0,157,18
151,0,157,18
151,0,157,18
151,0,157,17
151,0,157,16
151,0,157,16
151,0,157,15
151,0,157,14
151,0,157,14
151,0,157,14
151,0,157,14
151,0,157,14
151,0,157,14
151,0,157,14
151,0,157,15
151,0,157,15
151,0,157,15
151,0,157,15
151,0,157,15
151,0,157,15
151,0,157,15
151,0,157,15
151,0,157,15
151,0,157,15
151,0,157,15
151,0,157,15
151,0,157,15
151,0,157,15
151,0,157,15
151,0,157,15
151,0,157,16
151,0,157,16
151,0,157,16
151,0,157,16
151,0,157,16
151,0,157,17
151,0,157,17
151,0,157,17
151,0,157,17
151,0,157,18
151,0,157,18
151,0,157,17
151,0,157,17
151,0,157,16
151,0,157,16
151,0,157,17
151,0,157,18
151,0,157,19
151,0,157,19
151,0,157,20
151,0,157,20
151,0,157,20
151,0,157,20
151,0,157,21
151,0,157,21
151,0,157,21
152,0,157,21
152,0,157,24
152,0,157,25
152,0,157,26
152,0,157,27
152,0,157,27
152,0,157,28
152,0,157,28
152,0,157,29
152,0,157,29
152,0,157,30
152,0,157,30
152,0,157,31
152,0,157,31
152,0,157,32
152,0,157,32
152,0,157,32
152,0,157,32
152,0,157,32
152,0,157,32
152,0,157,32
152,0,157,32
152,0,157,32
152,0,157,31
152,0,157,31
152,0,157,30
152,0,157,30
152,0,157,29
152,0,157,29
152,0,157,28
152,0,157,28
152,0,157,27
152,0,157,26
152,0,157,25
152,0,157,24
152,0,157,23
152,0,157,23
152,0,157,22
152,0,157,21
152,0,157,19
152,0,157,18
152,0,157,17
152,0,157,17
152,0,157,16
152,0,157,15
152,0,157,16
152,0,157,16
152,0,157,16
152,0,157,16
152,0,157,16
152,0,157,17
152,0,157,18
152,0,157,19
152,0,157,19
152,0,157,20
152,0,157,20
152,0,157,20
152,0,157,19
152,0,157,19
152,0,157,20
152,0,157,19
152,0,157,19
152,0,157,19
152,0,157,19
152,0,157,20
152,0,157,20
152,0,157,20
152,0,157,19
152,0,157,19
152,0,157,18
152,0,157,18
152,0,157,18
152,0,157,18
152,0,157,19
152,0,157,19
152,0,157,19
152,0,157,19
152,0,157,19
152,0,157,19
152,0,157,19
152,0,157,19
152,0,157,18
152,0,157,18
152,0,157,18
152,0,157,18
152,0,157,18
152,0,157,18
152,0,157,17
152,0,157,17
152,0,157,16
152,0,157,15
152,0,157,15
152,0,157,15
152,0,157,15
152,0,157,15
152,0,157,16
152,0,157,16
152,0,157,15
152,0,157,15
152,0,157,15
152,0,157,14
152,0,157,14
152,0,157,14
152,0,157,14
152,0,157,15
152,0,157,15
152,0,157,15
152,0,157,16
152,0,157,16
152,0,157,16
152,0,157,17
152,0,157,17
152,0,157,18
152,0,157,18
152,0,157,19
152,0,157,19
152,0,157,20
152,0,157,20
152,0,157,21
152,0,157,21
152,0,157,21
152,0,157,22
152,0,157,22
152,0,157,23
152,0,157,23
152,0,157,24
152,0,157,24
152,0,157,24
152,0,157,25
152,0,157,25
152,0,157,25
152,0,157,25
152,0,157,25
152,0,157,25
152,0,157,24
152,0,157,24
152,0,157,24
152,0,157,24
152,0,157,24
152,0,157,24
152,0,157,23
152,0,157,23
152,0,157,23
152,0,157,22
152,0,157,22
152,0,157,22
152,0,157,21
152,0,157,21
152,0,157,20
152,0,157,20
152,0,157,19
152,0,157,18
152,0,157,18
152,0,157,17
152,0,157,17
152,0,157,17
152,0,157,17
152,0,157,17
152,0,157,18
152,0,157,18
152,0,157,19
152,0,157,19
152,0,157,19
152,0,157,20
152,0,157,20
152,0,157,21
152,0,157,21
152,0,157,21
152,0,157,22
152,0,157,22
152,0,157,23
152,0,157,23
152,0,157,23
152,0,157,23
152,0,157,23
152,0,157,24
152,0,157,24
152,0,157,24
152,0,157,23
152,0,157,22
152,0,157,21
152,0,157,21
152,0,157,20
152,0,157,20
152,0,157,20
152,0,157,19
152,0,157,20
152,0,157,20
152,0,157,19
152,0,157,19
152,0,157,19
152,0,157,19
152,0,157,19
152,0,157,20
152,0,157,20
152,0,157,20
152,0,157,19
152,0,157,19
152,0,157,19
152,0,157,18
152,0,157,18
152,0,157,18
152,0,157,17
152,0,157,17
152,0,157,17
152,0,157,16
152,0,157,16
152,0,157,16
152,0,157,17
152,0,157,17
152,0,157,18
152,0,157,18
152,0,157,18
152,0,157,19
152,0,157,19
152,0,157,20
152,0,157,20
152,0,157,21
152,0,157,21
152,0,157,21
152,0,157,21
152,0,157,21
152,0,157,21
152,0,157,21
152,0,157,21
152,0,157,21
152,0,157,20
152,0,157,20
152,0,157,20
152,0,157,19
152,0,157,19
152,0,157,19
152,0,157,18
152,0,157,18
152,0,157,17
152,0,157,17
152,0,157,17
152,0,157,17
152,0,157,16
152,0,157,16
152,0,157,16
152,0,157,16
152,0,157,16
152,0,157,16
152,0,157,16
152,0,157,15
152,0,157,15
152,0,157,15
152,0,157,15
152,0,157,15
152,0,157,15
152,0,157,14
152,0,157,14
152,0,157,14
152,0,157,13
152,0,157,13
152,0,157,13
152,0,157,13
152,0,157,13
152,0,157,13
152,0,157,12
152,0,157,12
152,0,157,12
152,0,157,13
152,0,157,13
152,0,157,13
152,0,157,13
152,0,157,13
152,0,157,13
152,0,157,13
152,0,157,13
152,0,157,14
152,0,157,14
152,0,157,14
152,0,157,14
152,0,157,14
152,0,157,14
152,0,157,15
152,0,157,15
152,0,157,15
152,0,157,15
152,0,157,16
152,0,157,16
152,0,157,17
152,0,157,17
152,0,157,18
152,0,157,18
152,0,157,19
152,0,157,19
152,0,157,19
152,0,157,20
152,0,157,20
152,0,157,20
152,0,157,21
152,0,157,21
152,0,157,22
152,0,157,22
152,0,157,22
152,0,157,23
152,0,157,23
152,0,157,24
152,0,157,24
152,0,157,25
152,0,157,26
152,0,157,26
152,0,157,27
152,0,157,23
153,0,157,24
153,0,157,25
153,0,157,26
153,0,157,28
153,0,157,28
153,0,157,29
154,0,157,29
154,0,157,29
154,0,157,28
154,0,157,28
154,0,157,27
154,0,157,27
154,0,157,27
154,0,157,27
154,0,157,27
154,0,157,26
154,0,157,26
154,0,157,26
154,0,157,26
154,0,157,26
154,0,157,26
154,0,157,26
154,0,157,26
154,0,157,26
154,0,157,26
154,0,157,26
154,0,157,25
154,0,157,25
154,0,157,25
154,0,157,24
154,0,157,24
154,0,157,23
155,0,157,23
155,0,157,23
155,0,157,23
155,0,157,21
155,0,157,27
155,0,157,27
155,0,157,26
155,0,157,26
155,0,157,27
155,0,157,26
155,0,157,26
155,0,157,26
155,0,157,26
155,0,157,25
155,0,157,25
155,0,157,25
155,0,157,24
155,0,157,24
155,0,157,23
155,0,157,23
155,0,157,23
155,0,157,22
155,0,157,22
155,0,157,22
155,0,157,21
155,0,157,21
155,0,157,21
155,0,157,20
155,0,157,20
155,0,157,20
155,0,157,19
155,0,157,19
155,0,157,18
155,0,157,18
155,0,157,17
155,0,157,17
155,0,157,17
155,0,157,16
155,0,157,16
155,0,157,15
155,0,157,14
155,0,157,14
155,0,157,13
155,0,157,13
155,0,157,13
155,0,157,13
155,0,157,13
155,0,157,13
155,0,157,13
155,0,157,14
155,0,157,14
155,0,157,15
155,0,157,15
155,0,157,16
155,0,157,16
155,0,157,17
155,0,157,17
155,0,157,17
155,0,157,18
155,0,157,18
155,0,157,18
155,0,157,19
155,0,157,19
155,0,157,20
155,0,157,20
155,0,157,21
155,0,157,21
155,0,157,22
155,0,157,22
155,0,157,22
155,0,157,23
155,0,157,23
155,0,157,23
155,0,157,23
155,0,157,23
155,0,157,23
155,0,157,23
155,0,157,23
155,0,157,23
155,0,157,22
155,0,157,22
155,0,157,23
155,0,157,22
155,0,157,22
155,0,157,22
155,0,157,22
155,0,157,22
155,0,157,21
155,0,157,20
155,0,157,19
155,0,157,19
155,0,157,18
155,0,157,17
155,0,157,16
155,0,157,16
155,0,157,16
155,0,157,16
155,0,157,17
155,0,157,17
155,0,157,18
155,0,157,17
155,0,157,18
155,0,157,18
155,0,157,18
155,0,157,18
155,0,157,18
155,0,157,19
155,0,157,19
155,0,157,21
153,0,157,21
153,0,157,21
154,0,157,22
154,0,157,22
154,0,157,22
154,0,157,23
155,0,157,23
155,0,157,23
155,0,157,22
155,0,157,22
155,0,157,22
155,0,157,22
155,0,157,23
155,0,157,22
155,0,157,22
155,0,157,23
155,0,157,23
155,0,157,23
155,0,157,23
155,0,157,23
155,0,157,23
155,0,157,24
155,0,157,24
155,0,157,24
155,0,157,25
155,0,157,25
155,0,157,25
155,0,157,25
155,0,157,24
155,0,157,24
