95,0,108,37
95,0,108,37
95,0,108,37
95,0,108,36
95,0,108,36
95,0,108,36
95,0,108,36
95,0,108,36
95,0,108,36
95,0,108,37
95,0,108,36
95,0,108,36
95,0,108,36
95,0,108,35
95,0,108,35
95,0,108,34
95,0,108,34
95,0,108,33
95,0,108,33
95,0,108,33
95,0,108,33
95,0,108,33
95,0,108,33
95,0,108,33
95,0,108,32
95,0,108,100
95,0,108,100
95,0,108,100
95,0,108,100
95,0,108,100
95,0,108,100
95,0,108,100
95,0,108,100
95,0,108,100
95,0,108,100
95,0,108,100
95,0,108,100
95,0,108,100
95,0,108,100
95,0,108,100
95,0,108,100
95,0,108,100
95,0,108,100
95,0,108,100
95,0,108,100
95,0,108,100
95,0,108,100
95,0,108,100
95,0,108,100
95,0,108,100
95,0,108,100
95,0,108,100
95,0,108,100
95,0,108,100
95,0,108,100
95,0,108,100
95,0,108,100
95,0,108,100
95,0,108,100
95,0,108,100
95,0,108,100
95,0,108,100
95,0,108,100
95,0,108,100
95,0,108,100
95,0,108,100
95,0,108,100
95,0,108,100
95,0,108,100
95,0,108,100
95,0,108,100
95,0,108,100
102,17,125,100
103,17,132,24
105,0,132,25
106,0,132,25
108,0,132,26
109,0,132,26
110,0,132,26
111,0,132,26
112,16,122,28
113,0,122,28
113,0,122,29
114,27,120,31
114,21,117,33
114,0,117,34
114,0,117,35
114,0,117,38
114,17,123,40
114,31,116,45
114,0,116,46
114,19,120,49
114,0,120,51
114,26,117,57
114,57,117,64
114,31,116,68
114,18,100,69
114,0,100,71
114,0,100,71
114,0,100,72
114,0,100,73
114,0,100,74
114,0,100,74
114,0,100,74
114,0,100,74
114,0,100,75
114,0,100,76
114,0,100,76
114,0,100,78
114,19,116,79
114,19,118,80
114,21,104,81
114,0,104,80
114,23,114,81
113,0,114,82
113,18,119,83
113,0,119,86
113,0,119,89
112,0,119,92
112,0,119,94
112,0,119,95
112,22,108,96
112,18,112,99
112,20,120,98
112,20,121,99
112,0,121,100
112,26,117,100
112,26,117,100
112,0,117,100
112,49,118,100
112,29,118,100
112,45,117,100
113,41,119,100
112,34,116,100
112,28,114,100
111,21,108,100
110,0,108,100
110,30,115,100
110,26,114,100
110,21,117,100
111,0,117,100
111,0,117,100
111,0,117,100
111,16,113,100
111,16,116,100
111,17,117,100
111,17,118,100
111,0,118,100
111,0,118,100
111,0,118,100
111,0,118,100
111,0,118,100
111,0,118,100
111,0,118,100
111,0,118,100
111,0,118,100
111,0,118,100
111,0,118,100
111,0,118,100
111,0,118,100
111,0,118,100
111,0,118,100
111,0,118,100
111,0,118,100
111,0,118,100
111,0,118,100
111,0,118,100
111,0,118,100
111,0,118,100
111,0,118,100
111,0,118,100
111,0,118,100
111,0,118,98
111,0,118,96
111,0,118,93
111,0,118,91
111,0,118,89
111,0,118,87
111,0,118,84
111,0,118,82
111,0,118,81
111,0,118,80
112,0,118,79
112,0,118,79
112,0,118,77
112,0,118,76
112,0,118,76
112,0,118,75
112,0,118,75
112,0,118,75
112,0,118,75
112,0,118,76
112,0,118,78
112,0,118,79
112,0,118,79
112,0,118,80
112,0,118,80
112,0,118,79
112,0,118,78
112,0,118,76
112,0,118,74
112,0,118,73
112,0,118,73
112,0,118,72
112,0,118,71
112,0,118,71
112,0,118,70
112,0,118,71
112,0,118,71
112,0,118,70
112,0,118,70
112,0,118,69
112,0,118,68
112,0,118,67
112,0,118,65
113,0,118,63
113,0,118,61
113,0,118,60
113,0,118,59
114,0,118,58
114,0,118,57
114,0,118,56
114,0,118,55
114,0,118,55
114,0,118,54
114,0,118,54
114,0,118,53
114,0,118,53
114,0,118,52
114,0,118,52
114,0,118,51
114,0,118,49
114,0,118,48
114,0,118,46
114,0,118,46
114,0,118,46
114,0,118,45
114,0,118,45
114,0,118,44
114,0,118,44
114,0,118,44
114,0,118,44
114,0,118,43
114,0,118,42
114,0,118,41
114,0,118,40
114,0,118,39
114,0,118,38
114,0,118,37
114,0,118,37
114,0,118,37
114,0,118,36
114,0,118,35
114,0,118,35
114,0,118,34
114,0,118,32
114,0,118,31
114,0,118,30
114,0,118,28
114,0,118,26
114,0,118,25
114,0,118,23
114,0,118,21
114,0,118,100
114,0,118,100
114,0,118,100
114,0,118,100
114,0,118,100
114,0,118,100
114,0,118,100
114,0,118,100
114,0,118,100
114,0,118,100
114,0,118,100
114,0,118,100
114,0,118,100
114,0,118,100
114,0,118,100
114,0,118,100
114,0,118,100
114,0,118,100
114,0,118,21
114,0,118,22
114,0,118,22
112,0,118,31
110,17,123,32
109,0,123,34
108,0,123,36
107,30,117,39
106,17,119,42
105,57,117,47
105,44,118,52
106,25,119,60
106,42,117,64
107,24,116,69
107,24,115,73
108,0,115,74
109,36,117,79
109,53,118,86
110,32,117,92
110,43,119,96
111,18,120,99
111,0,120,100
111,0,120,100
111,0,120,100
111,0,120,100
111,0,120,100
111,18,122,100
111,24,124,100
111,0,124,100
111,0,124,100
112,26,121,100
112,0,121,100
112,0,121,100
112,0,121,100
112,0,121,100
112,0,121,100
112,0,121,100
112,0,121,100
112,0,121,100
112,0,121,100
112,0,121,100
112,0,121,100
113,0,121,100
113,0,121,100
113,0,121,100
113,0,121,100
114,0,121,100
114,0,121,100
114,0,121,100
114,0,121,100
114,0,121,100
114,0,121,100
114,0,121,100
114,0,121,100
114,0,121,99
114,0,121,93
114,0,121,88
114,0,121,84
114,0,121,82
114,0,121,82
114,0,121,81
114,0,121,79
114,0,121,78
114,0,121,77
114,0,121,75
114,0,121,72
114,0,121,70
114,0,121,70
114,0,121,66
114,0,121,65
114,0,121,66
114,0,121,66
114,0,121,66
114,0,121,67
114,0,121,69
114,0,121,71
114,0,121,73
114,0,121,76
114,0,121,77
114,0,121,77
114,0,121,77
114,0,121,77
114,0,121,77
114,0,121,76
114,0,121,76
114,0,121,76
114,0,121,75
114,0,121,75
114,0,121,74
114,0,121,73
114,0,121,72
114,0,121,71
114,0,121,71
114,0,121,70
114,0,121,70
114,0,121,70
114,0,121,70
114,0,121,69
114,0,121,70
114,0,121,71
114,0,121,72
114,0,121,74
114,0,121,77
114,0,121,80
114,0,121,82
114,0,121,85
114,0,121,88
114,0,121,91
114,0,121,93
114,0,121,96
114,0,121,98
114,0,121,99
114,0,121,100
114,0,121,99
114,0,121,98
114,0,121,96
114,0,121,94
114,0,121,92
114,0,121,91
114,0,121,89
114,0,121,87
114,0,121,86
114,0,121,85
114,0,121,84
114,0,121,83
114,0,121,82
114,0,121,82
114,0,121,82
114,0,121,82
114,0,121,82
114,0,121,82
114,0,121,83
114,0,121,82
114,0,121,82
114,0,121,81
114,0,121,80
114,0,121,80
114,0,121,80
114,0,121,80
114,0,121,79
114,0,121,77
114,0,121,75
114,0,121,72
114,0,121,70
114,0,121,68
114,0,121,67
114,0,121,66
114,0,121,65
114,0,121,64
114,0,121,62
114,0,121,61
114,0,121,58
114,0,121,57
114,0,121,56
114,0,121,54
114,0,121,53
114,0,121,53
114,0,121,52
114,0,121,52
114,0,121,52
114,0,121,51
114,0,121,50
114,0,121,49
114,0,121,49
114,0,121,48
114,0,121,48
114,0,121,49
114,0,121,48
114,0,121,48
114,0,121,47
114,0,121,46
114,0,121,46
114,0,121,46
114,0,121,46
114,0,121,46
114,0,121,47
114,0,121,47
114,0,121,47
114,0,121,46
114,0,121,46
114,0,121,47
114,0,121,48
114,0,121,48
114,0,121,48
114,0,121,47
114,0,121,46
114,0,121,44
114,0,121,43
114,0,121,42
114,0,121,40
114,0,121,39
114,0,121,38
114,0,121,36
114,0,121,35
114,0,121,34
114,0,121,34
114,0,121,33
114,0,121,32
114,0,121,31
114,0,121,30
114,0,121,29
114,0,121,29
114,0,121,29
114,0,121,28
114,0,121,28
114,0,121,27
114,0,121,26
114,0,121,25
114,0,121,25
114,0,121,25
114,0,121,26
114,0,121,26
114,0,121,27
114,0,121,27
114,0,121,27
114,0,121,27
114,0,121,27
114,0,121,27
114,0,121,27
114,0,121,26
114,0,121,25
114,0,121,23
114,0,121,22
114,0,121,100
114,0,121,100
114,0,121,100
114,0,121,100
114,0,121,100
114,0,121,100
114,0,121,100
114,0,121,100
114,0,121,100
114,0,121,100
114,0,121,100
114,0,121,100
114,0,121,100
114,0,121,100
114,0,121,100
114,0,121,100
114,0,121,100
114,0,121,100
114,0,121,100
114,0,121,22
114,0,121,23
114,0,121,25
114,0,121,27
114,0,121,28
114,0,121,30
114,0,121,32
114,0,121,30
114,0,121,29
114,0,121,28
114,0,121,27
114,0,121,27
114,0,121,28
114,0,121,28
114,0,121,29
114,0,121,30
114,0,121,31
114,0,121,31
114,0,121,31
114,0,121,32
114,0,121,32
114,0,121,32
114,0,121,32
114,0,121,32
114,0,121,32
114,0,121,32
114,0,121,32
114,0,121,32
114,0,121,33
114,0,121,33
114,0,121,33
114,0,121,33
114,0,121,32
114,0,121,32
114,0,121,33
114,0,121,35
114,0,121,35
114,0,121,35
114,0,121,35
114,0,121,34
114,0,121,34
114,0,121,33
114,0,121,32
114,0,121,31
114,0,121,30
114,0,121,30
114,0,121,31
114,0,121,32
114,0,121,33
114,0,121,34
114,0,121,35
114,0,121,35
114,0,121,35
114,0,121,34
114,0,121,33
114,0,121,33
114,0,121,33
114,0,121,32
114,0,121,32
114,0,121,32
114,0,121,32
114,0,121,32
114,0,121,32
114,0,121,32
114,0,121,32
114,0,121,32
114,0,121,33
114,0,121,33
114,0,121,33
114,0,121,34
114,0,121,34
114,0,121,36
114,0,121,38
114,0,121,39
114,0,121,40
114,0,121,40
114,0,121,40
114,0,121,38
114,0,121,37
114,0,121,37
114,0,121,36
114,0,121,35
114,0,121,34
114,0,121,33
114,0,121,33
114,0,121,32
114,0,121,31
114,0,121,29
114,0,121,28
114,0,121,27
114,0,121,27
114,0,121,26
114,0,121,26
114,0,121,27
114,0,121,27
114,0,121,27
114,0,121,26
114,0,121,26
114,0,121,25
114,0,121,25
114,0,121,25
114,0,121,26
114,0,121,27
114,0,121,28
114,0,121,29
114,0,121,30
114,0,121,30
114,0,121,30
114,0,121,29
114,0,121,28
114,0,121,26
114,0,121,25
114,0,121,24
114,0,121,22
114,0,121,22
114,0,121,21
114,0,121,21
114,0,121,21
114,0,121,21
114,0,121,21
114,0,121,21
114,0,121,21
114,0,121,22
114,0,121,22
114,0,121,22
114,0,121,22
114,0,121,22
114,0,121,23
114,0,121,23
114,0,121,24
114,0,121,23
114,0,121,23
114,0,121,23
114,0,121,23
114,0,121,24
114,0,121,25
114,0,121,26
114,0,121,27
114,0,121,28
114,0,121,29
114,0,121,29
114,0,121,29
114,0,121,27
114,0,121,26
114,0,121,26
114,0,121,26
114,0,121,26
114,0,121,27
114,0,121,27
114,0,121,28
114,0,121,28
114,0,121,28
114,0,121,29
114,0,121,29
114,0,121,29
114,0,121,29
114,0,121,29
114,0,121,30
114,0,121,30
114,0,121,30
114,0,121,30
114,0,121,30
114,0,121,29
114,0,121,29
114,0,121,29
114,0,121,29
114,0,121,29
114,0,121,29
114,0,121,29
114,0,121,30
114,0,121,31
114,0,121,33
114,0,121,33
114,0,121,33
114,0,121,33
114,0,121,32
114,0,121,31
114,0,121,30
114,0,121,30
114,0,121,30
114,0,121,30
114,0,121,32
114,0,121,33
114,0,121,35
114,0,121,36
114,0,121,36
114,0,121,37
114,0,121,37
114,0,121,38
114,0,121,38
114,0,121,39
114,0,121,39
114,0,121,39
114,0,121,39
114,0,121,39
114,0,121,39
114,0,121,39
114,0,121,40
114,0,121,41
114,0,121,43
114,0,121,44
114,0,121,45
114,16,122,47
114,0,122,50
114,17,116,54
114,20,119,58
114,17,116,60
114,16,118,62
114,0,118,63
114,0,118,64
114,0,118,64
114,0,118,65
114,0,118,65
114,0,118,66
114,0,118,67
114,0,118,69
114,0,118,70
114,0,118,71
114,0,118,71
114,0,118,70
114,0,118,70
114,0,118,71
114,23,121,73
114,25,121,77
114,25,120,81
114,20,117,86
114,19,117,91
114,26,121,96
114,0,121,100
114,0,121,100
114,0,121,100
114,0,121,100
114,20,120,100
114,17,119,100
114,0,119,100
114,0,119,100
114,0,119,100
114,0,119,100
114,0,119,100
114,0,119,100
114,0,119,100
114,0,119,100
114,0,119,100
114,0,119,100
114,16,122,100
114,22,118,100
114,25,118,100
114,23,116,100
114,23,116,100
114,21,116,100
114,18,116,100
114,16,118,100
114,16,117,100
114,0,117,100
114,0,117,100
114,0,117,100
114,0,117,100
114,0,117,100
114,0,117,100
114,0,117,100
114,0,117,100
114,0,117,100
114,0,117,100
114,0,117,100
114,0,117,100
114,0,117,100
114,0,117,100
114,0,117,100
114,0,117,100
114,0,117,100
114,0,117,100
114,0,117,100
114,0,117,100
114,0,117,100
114,0,117,100
114,0,117,100
114,0,117,100
114,0,117,100
114,0,117,100
114,0,117,100
114,0,117,100
114,0,117,100
114,17,119,100
114,0,119,100
114,0,119,100
114,0,119,100
114,0,119,100
114,0,119,100
114,0,119,100
114,0,119,100
114,0,119,100
114,0,119,100
114,0,119,100
114,0,119,100
114,0,119,100
114,0,119,100
114,0,119,100
114,0,119,100
114,0,119,100
114,0,119,100
114,0,119,100
114,0,119,100
114,0,119,100
114,0,119,100
114,0,119,100
114,0,119,100
114,0,119,100
114,0,119,100
114,0,119,100
114,0,119,100
114,0,119,100
114,0,119,100
114,0,119,100
114,0,119,100
114,0,119,100
114,0,119,100
114,0,119,100
114,0,119,100
114,0,119,100
114,0,119,100
114,0,119,100
114,0,119,100
114,0,119,100
114,0,119,100
114,0,119,100
114,0,119,100
114,0,119,100
114,0,119,100
114,0,119,100
114,16,117,100
114,23,118,100
114,24,118,100
114,25,117,100
114,21,116,100
114,18,118,100
114,0,118,100
114,0,118,100
114,0,118,100
114,0,118,100
114,0,118,100
114,0,118,100
114,0,118,100
114,18,116,100
114,18,119,100
114,0,119,100
114,0,119,100
114,0,119,100
114,0,119,100
114,0,119,100
114,0,119,100
114,0,119,100
114,0,119,100
114,0,119,100
114,0,119,100
114,0,119,100
114,0,119,100
114,0,119,100
114,0,119,100
114,0,119,100
114,0,119,100
114,0,119,100
114,0,119,100
114,0,119,100
114,0,119,100
114,0,119,100
114,0,119,100
114,18,120,100
114,17,120,100
114,0,120,100
114,0,120,100
114,0,120,100
114,0,120,100
114,0,120,100
114,0,120,100
114,0,120,100
114,0,120,100
114,0,120,100
114,17,116,100
114,20,120,100
114,0,120,100
114,0,120,100
114,0,120,100
114,0,120,100
114,0,120,100
114,0,120,100
114,0,120,100
114,0,120,100
114,0,120,100
114,0,120,100
114,0,120,100
114,0,120,100
114,0,120,100
114,0,120,100
114,16,122,100
114,0,122,100
114,0,122,100
114,0,122,100
114,21,117,100
114,19,118,100
114,0,118,100
114,0,118,100
114,0,118,100
114,0,118,100
114,0,118,100
114,0,118,100
114,0,118,100
114,20,118,100
114,24,118,100
114,19,116,100
114,0,116,100
114,0,116,100
114,0,116,100
114,0,116,100
114,0,116,100
114,0,116,100
114,0,116,100
114,0,116,100
114,0,116,100
114,0,116,100
114,0,116,100
114,0,116,100
114,0,116,100
114,0,116,100
114,0,116,100
114,0,116,100
114,0,116,100
114,0,116,100
114,17,120,100
114,0,120,100
114,0,120,100
114,0,120,100
114,0,120,100
114,0,120,100
114,0,120,100
114,0,120,100
114,0,120,100
114,0,120,100
114,21,116,100
114,23,118,100
114,0,118,100
114,0,118,100
114,0,118,100
114,0,118,100
114,0,118,100
114,0,118,100
114,0,118,100
114,0,118,100
114,0,118,100
114,0,118,100
114,0,118,100
114,0,118,100
114,0,118,100
114,0,118,100
114,0,118,100
114,0,118,100
114,0,118,100
114,0,118,100
114,0,118,100
114,0,118,100
114,0,118,100
114,0,118,100
114,0,118,100
114,0,118,100
114,0,118,100
114,0,118,100
114,0,118,100
114,0,118,100
114,0,118,100
114,0,118,100
114,0,118,100
114,0,118,100
114,0,118,100
114,0,118,100
114,0,118,100
114,0,118,100
114,16,117,100
114,0,117,100
114,0,117,100
114,0,117,100
114,0,117,100
114,0,117,100
114,0,117,100
114,0,117,100
114,0,117,100
114,0,117,100
114,0,117,100
114,0,117,100
114,0,117,100
114,0,117,100
114,0,117,100
114,0,117,100
114,0,117,100
114,0,117,100
114,0,117,100
114,0,117,100
114,19,120,100
114,0,120,100
114,0,120,100
114,0,120,100
114,0,120,100
114,0,120,100
114,0,120,100
114,0,120,100
114,0,120,100
114,17,124,100
114,0,124,100
114,0,124,100
114,0,124,100
114,0,124,100
114,0,124,100
114,0,124,100
114,0,124,100
114,0,124,100
114,0,124,100
114,0,124,100
114,0,124,100
114,0,124,100
114,0,124,100
114,0,124,100
114,0,124,100
114,0,124,100
114,0,124,100
114,0,124,100
114,0,124,100
114,0,124,100
114,0,124,100
114,0,124,100
114,0,124,100
114,0,124,100
114,0,124,100
114,0,124,100
114,0,124,100
114,17,119,100
114,0,119,100
114,0,119,100
114,0,119,100
114,0,119,100
114,0,119,100
114,0,119,100
114,0,119,100
114,0,119,100
114,0,119,100
114,17,120,100
114,16,120,100
114,0,120,100
114,0,120,100
114,0,120,100
114,0,120,100
114,0,120,100
114,0,120,100
114,0,120,100
114,0,120,100
114,0,120,100
114,0,120,100
114,0,120,100
114,0,120,100
114,0,120,100
114,0,120,100
114,0,120,100
114,0,120,100
114,0,120,100
114,0,120,100
114,0,120,100
114,0,120,100
114,0,120,100
114,0,120,100
114,0,120,100
114,0,120,100
114,0,120,100
114,0,120,100
114,17,115,100
114,0,115,100
114,0,115,100
114,0,115,100
114,0,115,100
114,0,115,100
114,0,115,100
114,0,115,100
114,0,115,100
114,0,115,100
114,17,117,100
114,20,120,100
114,0,120,100
114,0,120,100
114,0,120,100
114,0,120,100
114,0,120,100
114,0,120,100
114,0,120,100
114,0,120,100
114,0,120,100
114,0,120,100
114,0,120,100
114,0,120,100
114,0,120,100
114,0,120,100
114,0,120,100
114,0,120,100
114,0,120,100
114,0,120,100
114,0,117,100
114,0,117,100
114,19,116,100
114,28,118,100
114,36,118,100
114,38,118,100
114,36,119,100
114,27,119,100
114,21,117,100
114,20,117,100
114,23,116,100
114,38,117,100
114,17,120,100
114,0,120,100
114,31,120,100
114,39,120,100
114,16,120,100
114,29,120,100
114,21,120,100
114,33,120,100
114,0,120,100
114,0,120,100
114,0,120,100
114,0,120,100
114,0,120,100
114,0,120,100
114,0,120,100
114,0,120,100
114,0,120,100
114,0,120,100
114,0,120,100
114,0,120,100
114,0,120,100
114,0,120,100
114,0,120,100
114,0,120,100
114,0,120,100
114,0,120,100
114,0,120,100
114,0,120,100
114,0,120,100
114,0,120,100
114,0,120,100
114,0,120,100
114,0,120,100
114,0,120,100
114,0,120,100
114,0,120,100
114,0,120,94
114,0,120,86
114,0,120,79
114,0,120,75
114,0,120,72
114,0,120,67
114,0,120,64
114,0,120,57
114,0,120,50
114,0,120,47
114,0,120,46
114,0,120,39
114,0,120,36
114,0,120,32
114,0,120,31
113,0,120,29
113,0,120,28
113,0,120,27
112,0,120,25
112,0,120,23
111,0,120,21
111,0,120,100
111,0,120,100
111,0,120,100
111,0,120,100
111,0,120,100
111,0,120,100
111,0,120,100
111,0,120,100
111,0,120,100
111,0,120,100
111,0,120,100
111,0,120,100
111,0,120,100
111,0,120,100
111,0,120,100
111,0,120,100
111,0,120,100
111,0,120,100
111,0,120,100
111,0,120,100
111,0,120,100
111,0,120,100
111,0,120,100
111,0,120,100
111,0,120,100
111,0,120,100
111,0,120,100
111,0,120,100
111,0,120,100
111,0,120,100
111,0,120,100
111,0,120,100
111,0,120,100
111,0,120,100
111,0,120,100
111,0,120,100
111,0,120,100
111,0,120,100
111,0,120,100
111,0,120,100
111,0,120,100
111,0,120,100
111,0,120,100
111,0,120,100
111,0,120,100
111,0,120,100
111,0,120,100
111,0,120,100
111,0,120,100
111,0,120,100
111,0,120,100
111,0,120,100
111,0,120,100
111,0,120,100
111,0,120,100
111,0,120,100
111,0,120,100
111,0,120,100
111,0,120,100
111,0,120,100
111,0,120,100
111,0,120,100
111,0,120,100
111,0,120,100
111,0,120,100
111,0,120,100
111,0,120,100
111,0,120,100
111,0,120,100
111,0,120,100
111,0,120,100
111,0,120,100
111,0,120,100
111,0,120,100
111,0,120,100
111,0,120,100
111,0,120,100
111,0,120,100
114,18,115,100
114,0,115,100
114,0,115,100
114,0,115,100
113,0,115,22
113,0,115,23
113,0,115,23
112,0,115,26
111,21,119,28
111,0,119,29
111,0,119,31
111,19,119,33
111,19,117,36
111,0,117,39
112,0,117,43
112,0,117,47
112,24,114,51
112,34,116,55
112,27,117,59
112,23,116,62
112,19,117,66
112,21,116,70
112,23,117,74
112,21,116,79
112,0,116,84
112,0,116,89
112,0,116,95
112,0,116,100
112,18,113,100
112,16,113,100
112,0,113,100
112,0,113,100
112,0,113,100
112,0,113,100
112,0,113,100
112,18,110,100
112,30,114,100
112,31,114,100
112,28,113,100
112,32,114,100
112,34,115,100
112,29,114,100
112,21,114,100
112,17,117,100
112,0,117,100
112,0,117,100
112,0,117,100
112,0,117,100
112,0,117,100
112,0,117,100
112,0,119,100
112,0,119,100
112,0,119,100
112,0,119,100
112,0,119,100
112,0,119,100
112,0,119,100
112,0,119,100
111,0,119,100
111,0,119,100
111,0,119,100
110,0,119,100
110,0,119,100
110,0,119,100
110,0,119,100
110,0,119,100
110,0,119,100
110,0,119,100
110,0,119,100
110,0,119,100
110,0,119,100
110,0,119,100
110,0,119,100
110,0,119,100
110,0,119,100
110,0,119,100
110,0,119,100
110,0,119,100
110,16,112,100
110,0,112,100
110,0,112,100
110,0,112,100
110,0,112,100
110,0,112,100
110,0,112,100
110,0,112,100
110,0,112,100
110,0,112,100
110,0,112,100
110,0,112,100
110,18,114,100
110,17,115,100
110,0,115,100
110,0,115,100
110,0,115,100
110,0,115,100
110,0,115,100
110,0,115,100
110,0,115,100
110,0,115,100
110,0,115,100
110,0,115,100
110,0,115,100
110,0,115,100
110,0,115,100
110,0,115,100
110,0,115,100
110,0,115,100
110,0,115,100
110,0,115,100
110,0,115,100
110,0,115,100
110,0,115,100
110,0,115,100
110,0,115,100
110,17,115,100
110,0,115,100
110,0,115,100
110,0,115,100
110,0,115,100
110,0,115,100
110,0,115,100
110,0,115,100
110,0,115,100
110,0,115,100
110,0,115,100
110,0,115,100
110,0,115,100
110,0,115,100
110,0,115,100
110,0,115,100
110,0,115,100
110,0,115,100
110,0,115,100
110,0,115,100
110,0,115,100
110,0,115,100
110,0,115,100
110,0,115,100
110,0,115,100
110,0,115,100
110,0,115,100
110,0,115,100
110,0,115,100
110,0,115,100
110,0,115,100
110,0,115,100
110,0,115,100
110,0,115,100
110,0,115,100
110,18,116,100
110,19,116,100
110,17,114,100
110,16,113,100
110,0,113,100
110,0,113,100
110,0,113,100
110,0,113,100
110,0,113,100
110,0,113,100
110,0,113,100
110,0,113,100
110,0,113,100
110,0,113,100
110,0,113,100
110,0,113,100
110,0,113,100
110,0,113,100
110,0,113,100
110,0,113,100
110,0,113,100
110,0,113,100
110,0,113,100
110,0,113,100
110,0,113,100
110,0,113,100
110,0,113,100
110,0,113,100
110,0,113,100
110,0,113,100
110,0,113,100
110,0,113,100
110,0,113,100
110,0,113,100
110,0,113,100
110,0,113,100
110,0,113,100
110,0,113,100
110,0,113,100
110,0,113,100
110,0,113,100
110,0,113,100
110,0,113,100
110,0,113,100
110,0,113,100
110,0,113,100
110,0,113,100
110,0,113,100
110,0,113,100
110,0,113,100
110,0,113,100
110,0,113,99
110,0,113,97
110,0,113,96
110,0,113,95
110,0,113,94
110,0,113,93
110,0,113,92
110,0,113,90
110,0,113,89
110,0,113,88
110,0,113,87
110,0,113,86
110,0,113,84
110,0,113,83
110,0,113,82
110,0,113,81
110,0,113,81
110,0,113,80
110,0,113,80
110,0,113,80
110,0,113,81
110,0,113,81
110,0,113,83
110,0,113,84
110,0,113,85
110,0,113,85
110,0,113,84
110,0,113,83
110,0,113,80
110,0,113,78
110,0,113,75
110,0,113,73
110,0,113,71
110,0,113,69
110,0,113,68
110,0,113,68
110,0,113,68
110,0,113,68
110,0,113,68
110,0,113,69
110,0,113,69
110,0,113,68
110,0,113,68
110,0,113,67
110,0,113,66
110,0,113,64
110,0,113,64
110,0,113,63
110,0,113,64
110,0,113,64
110,0,113,65
110,0,113,66
110,0,113,68
110,0,113,69
110,0,113,71
110,0,113,73
110,0,113,74
110,0,113,74
110,0,113,73
110,0,113,73
110,0,113,71
110,0,113,69
110,0,113,67
110,0,113,65
110,0,113,64
110,0,113,62
110,0,113,61
110,0,113,61
110,0,113,61
110,0,113,61
110,0,113,60
110,0,113,59
110,0,113,59
110,0,113,58
110,0,113,57
110,0,113,56
110,0,113,54
110,0,113,53
110,0,113,52
110,0,113,52
110,0,113,51
110,0,113,52
110,0,113,52
110,0,113,52
110,0,113,53
110,0,113,55
110,0,113,57
110,0,113,59
110,0,113,61
110,0,113,63
110,0,113,65
110,0,113,67
110,0,113,69
110,0,113,70
110,0,113,70
110,0,113,70
110,0,113,70
110,0,113,71
110,0,113,71
110,0,113,70
110,0,113,71
110,0,113,71
110,0,113,72
110,0,113,72
110,0,113,73
110,0,113,74
110,0,113,75
110,0,113,75
110,0,113,76
110,0,113,76
110,0,113,77
110,0,113,79
110,0,113,80
110,0,113,81
110,0,113,81
110,0,113,81
110,0,113,82
110,0,113,83
110,0,113,84
110,0,113,86
110,0,113,88
110,0,113,90
110,0,113,92
110,0,113,94
110,0,113,96
110,0,113,97
110,0,113,98
110,0,113,98
110,0,113,97
110,0,113,95
110,0,113,92
110,0,113,90
110,0,113,87
110,0,113,85
110,0,113,83
110,0,113,81
110,0,113,80
110,0,113,79
110,0,113,78
110,0,113,78
110,0,113,78
110,0,113,78
110,0,113,78
110,0,113,77
110,0,113,76
110,0,113,74
110,0,113,71
110,0,113,70
110,0,113,69
110,0,113,68
110,0,113,68
110,0,113,68
110,0,113,67
110,0,113,67
110,0,113,68
110,0,113,68
110,0,113,69
110,0,113,69
110,0,113,69
110,0,113,68
110,0,113,67
110,0,113,66
110,0,113,63
110,0,113,61
110,0,113,58
110,0,113,56
110,0,113,54
110,0,113,52
110,0,113,51
110,0,113,50
110,0,113,49
110,0,113,48
110,0,113,48
110,0,113,48
110,0,113,48
110,0,113,48
110,0,113,47
110,0,113,47
110,0,113,46
110,0,113,45
110,0,113,44
110,0,113,43
110,0,113,42
110,0,113,42
110,0,113,42
110,0,113,41
110,0,113,41
110,0,113,41
110,0,113,41
110,0,113,41
110,0,113,41
110,0,113,42
110,0,113,41
110,0,113,41
110,0,113,39
110,0,113,38
110,0,113,37
110,0,113,36
110,0,113,34
110,0,113,32
110,0,113,31
110,0,113,29
110,0,113,28
110,0,113,28
110,0,113,28
110,0,113,28
110,0,113,27
110,0,113,27
110,0,113,27
110,0,113,26
110,0,113,26
110,0,113,26
110,0,113,25
110,0,113,25
110,0,113,24
111,0,113,24
111,0,113,25
111,0,113,27
111,0,113,30
111,0,113,33
111,0,113,37
111,0,113,41
111,0,113,45
111,0,113,49
111,0,113,52
111,0,113,56
111,0,113,58
111,0,113,61
111,35,117,64
111,49,116,71
111,24,116,77
111,59,116,82
111,49,117,87
111,21,116,94
111,38,116,98
110,32,113,100
110,0,113,100
109,16,107,100
108,0,107,100
109,0,107,100
109,0,107,100
109,0,107,100
109,0,107,100
110,21,121,100
110,0,121,100
110,29,117,100
110,0,117,100
110,0,117,100
110,0,117,100
110,0,117,100
110,19,114,100
110,22,111,100
110,0,111,100
110,21,111,100
110,29,116,100
110,0,116,100
110,55,119,100
110,40,114,100
110,24,115,100
111,29,120,100
111,0,120,100
111,30,116,100
111,55,115,100
111,0,115,100
111,22,116,100
111,21,117,100
111,24,115,100
111,0,115,100
111,0,115,100
111,22,114,100
111,22,112,100
111,16,108,100
111,0,108,100
111,0,108,100
111,0,108,100
111,0,108,100
111,0,108,100
111,0,108,100
111,0,108,100
111,19,116,100
111,23,117,100
111,28,113,100
111,24,113,100
111,17,113,100
111,0,113,100
111,18,115,100
111,20,120,100
111,0,120,100
111,0,120,100
111,0,120,100
111,0,120,100
111,0,120,100
111,0,120,100
111,0,120,100
111,0,120,100
111,18,116,100
111,18,115,100
111,0,115,100
111,0,115,100
111,0,115,100
111,0,115,100
111,0,115,100
111,0,115,100
111,0,115,100
111,0,115,100
111,0,115,100
111,0,115,100
111,0,115,100
111,0,115,100
111,0,115,99
111,0,115,98
111,0,115,97
111,0,115,95
111,0,115,94
111,0,115,94
111,0,115,95
111,0,115,96
111,0,115,98
111,0,115,98
111,0,115,96
111,0,115,93
111,0,115,92
111,0,115,91
111,0,115,89
111,0,115,86
111,0,115,83
111,0,115,81
111,0,115,80
111,0,115,80
111,0,115,80
111,0,115,80
111,0,115,80
111,0,115,79
111,0,115,77
111,0,115,76
111,0,115,75
111,0,115,72
111,0,115,70
111,0,115,68
111,0,115,66
111,0,115,66
111,0,115,67
111,0,115,68
111,0,115,70
111,0,115,75
111,0,115,76
111,0,115,77
111,0,115,79
111,0,115,80
111,0,115,80
111,0,115,81
111,0,115,82
111,0,115,82
111,0,115,83
111,0,115,83
111,0,115,83
111,0,115,84
111,0,115,83
111,0,115,83
111,0,115,81
111,0,115,81
111,0,115,81
111,0,115,82
111,0,115,83
111,0,115,85
111,0,115,85
111,0,115,86
111,0,115,85
111,0,115,84
111,0,115,84
111,0,115,83
111,0,115,83
111,0,115,83
111,0,115,83
111,0,115,83
111,0,115,84
111,0,115,84
111,0,115,84
111,0,115,82
111,0,115,80
111,0,115,77
111,0,115,74
111,0,115,72
111,0,115,69
111,0,115,67
111,0,115,65
111,0,115,62
111,0,115,60
111,0,115,57
111,0,115,56
111,0,115,54
111,0,115,52
111,0,115,50
111,0,115,48
111,0,115,47
111,0,115,48
111,0,115,49
111,0,115,50
111,0,115,51
111,0,115,52
111,0,115,52
111,0,115,52
111,0,115,50
111,17,119,50
111,24,116,53
111,18,117,54
111,0,117,56
111,0,117,55
111,0,117,54
111,0,117,53
111,0,117,53
111,0,117,53
111,0,117,53
111,0,117,52
111,0,117,52
111,0,117,52
111,0,117,51
111,0,117,51
111,0,117,50
111,0,117,49
111,0,117,49
111,0,117,49
111,0,117,48
111,0,117,48
111,0,117,47
110,0,117,47
110,0,117,47
110,0,117,48
110,16,98,47
110,0,98,48
109,0,98,48
109,0,98,49
109,0,98,50
108,0,98,51
107,19,99,52
107,0,99,53
106,0,99,53
105,0,99,53
105,0,99,52
104,0,99,52
103,0,99,51
102,0,99,51
101,0,99,47
100,0,99,45
100,0,99,43
99,0,99,44
99,0,99,44
99,0,99,44
98,0,99,44
98,0,99,42
97,0,99,43
97,0,99,43
97,0,99,43
96,0,99,43
96,0,99,43
96,0,99,43
96,0,99,43
95,0,99,42
95,0,99,41
95,0,99,41
95,0,99,41
95,0,99,41
94,0,99,41
94,0,99,40
94,0,99,39
94,0,99,37
93,0,99,35
93,0,99,34
93,0,99,32
93,0,99,100
93,0,99,100
93,0,99,100
93,0,99,100
93,0,99,100
93,0,99,100
93,0,99,100
93,0,99,100
93,0,99,100
93,0,99,100
93,0,99,100
93,0,99,100
93,0,99,100
93,0,99,100
93,0,99,100
93,0,99,100
93,0,99,100
93,0,99,100
93,0,99,100
93,0,99,100
93,0,99,100
93,0,99,100
93,0,99,100
93,0,99,100
93,0,99,100
93,0,99,100
93,0,99,100
93,0,99,100
93,0,99,100
93,0,99,100
93,0,99,100
93,0,99,100
93,0,99,100
93,0,99,100
93,0,99,100
93,0,99,100
93,0,99,100
93,0,99,100
93,0,99,100
93,0,99,100
93,0,99,100
93,0,99,100
93,0,99,100
93,0,99,100
93,0,99,100
93,0,99,32
93,0,99,32
93,0,99,33
93,0,99,34
93,0,99,34
93,0,99,34
93,0,99,34
93,0,99,33
93,0,99,33
93,0,99,34
93,0,99,34
93,0,99,34
93,0,99,34
93,0,99,34
93,0,99,35
93,0,99,36
93,0,99,36
93,0,99,37
93,0,99,37
93,0,99,38
93,0,99,38
93,0,99,39
93,0,99,39
93,0,99,39
93,0,99,38
93,0,99,38
93,0,99,37
93,0,99,37
93,0,99,37
93,0,99,36
93,0,99,36
93,0,99,35
93,0,99,35
93,0,99,34
93,0,99,33
93,0,99,32
93,0,99,32
93,0,99,31
93,0,99,100
93,0,99,100
93,0,99,100
93,0,99,100
93,0,99,100
93,0,99,100
93,0,99,100
93,0,99,100
93,0,99,100
93,0,99,100
93,0,99,100
93,0,99,100
93,0,99,100
93,0,99,100
93,0,99,100
93,0,99,100
93,0,99,100
93,0,99,100
93,0,99,100
93,0,99,100
93,0,99,100
93,0,99,100
93,0,99,100
93,0,99,100
93,0,99,100
93,0,99,100
93,0,99,100
93,0,99,100
93,0,99,100
93,0,99,100
93,0,99,100
93,0,99,100
93,0,99,100
93,0,99,100
93,0,99,100
93,0,99,100
93,0,99,100
93,0,99,100
93,0,99,100
93,0,99,100
93,0,99,100
93,0,99,100
93,0,99,100
93,0,99,100
93,0,99,100
93,0,99,100
93,0,99,100
93,0,99,100
93,0,99,100
93,0,99,100
93,0,99,100
93,0,99,100
93,0,99,100
93,0,99,100
93,0,99,100
93,0,99,100
93,0,99,100
93,0,99,100
93,0,99,100
93,0,99,100
93,0,99,100
93,0,99,100
93,0,99,100
93,0,99,100
93,0,99,100
93,0,99,100
93,0,99,100
93,0,99,100
93,0,99,100
93,0,99,100
93,0,99,100
93,0,99,100
93,0,99,100
93,0,99,100
93,0,99,100
93,0,99,100
93,0,99,100
93,0,99,100
93,0,99,100
93,0,99,100
93,0,99,100
93,0,99,100
93,0,99,100
93,0,99,100
93,0,99,100
93,0,99,100
93,0,99,100
93,0,99,100
93,0,99,100
93,0,99,100
93,0,99,100
93,0,99,100
93,0,99,100
93,0,99,100
93,0,99,100
93,0,99,100
93,0,99,100
93,0,99,100
93,0,99,100
93,0,99,100
93,0,99,100
93,0,99,100
93,0,99,100
93,0,99,100
93,0,99,100
93,0,99,100
93,0,99,100
93,0,99,100
93,0,99,100
93,0,99,100
93,0,99,100
93,0,99,100
93,0,99,100
93,0,99,100
93,0,99,100
93,0,99,100
93,0,99,100
93,0,99,100
93,0,99,100
93,0,99,100
93,0,99,100
93,0,99,100
93,0,99,100
93,0,99,100
93,0,99,100
93,0,99,100
93,0,99,100
93,0,99,100
93,0,99,100
93,0,99,100
93,0,99,100
93,0,99,100
93,0,99,100
93,0,99,100
93,0,99,100
93,0,99,100
93,0,99,100
93,0,99,100
93,0,99,100
93,0,99,100
93,0,99,100
93,0,99,100
93,0,99,100
93,0,99,100
93,0,99,100
93,0,99,100
93,0,99,100
93,0,99,100
93,0,99,100
93,0,99,100
93,0,99,100
93,0,99,100
93,0,99,100
93,0,99,100
93,0,99,100
93,0,99,100
93,0,99,100
93,0,99,100
93,0,99,100
93,0,99,100
93,0,99,100
93,0,99,100
93,0,99,100
93,0,99,100
93,0,99,100
93,0,99,100
93,0,99,100
93,0,99,100
93,0,99,100
93,0,99,100
93,0,99,100
93,0,99,100
93,0,99,100
93,0,99,100
93,0,99,100
93,0,99,100
