107,0,98,22
107,0,98,23
108,24,101,23
108,20,108,23
108,0,108,23
108,31,117,23
108,21,105,30
108,42,116,34
108,27,117,36
108,30,114,34
107,22,105,35
106,0,105,35
104,30,93,34
102,40,91,33
100,0,91,33
101,0,91,33
101,0,91,33
102,0,91,33
102,0,91,33
102,0,91,32
102,0,91,32
103,0,91,32
103,0,91,32
103,0,91,32
104,0,91,32
104,0,91,31
104,0,91,31
104,0,91,31
104,0,91,31
104,0,91,31
105,0,91,31
105,0,91,31
105,0,91,31
106,0,91,32
106,0,91,32
106,0,91,32
107,0,91,31
107,0,91,31
107,0,91,31
108,0,91,31
108,0,91,31
108,0,91,30
108,0,91,30
109,0,91,29
109,0,91,28
109,0,91,27
109,0,91,100
109,0,91,100
109,0,91,100
109,0,91,100
109,0,91,100
109,0,91,100
109,0,91,100
109,0,91,100
109,0,91,100
109,0,91,100
109,0,91,100
109,0,91,100
109,0,91,100
109,0,91,100
109,0,91,100
109,0,91,100
109,0,91,100
109,0,91,100
109,0,91,100
109,0,91,100
109,0,91,100
109,0,91,100
109,0,91,100
109,0,91,100
109,0,91,100
109,0,91,100
109,0,91,100
109,0,91,100
109,0,91,100
109,0,91,100
109,0,91,100
109,0,91,100
109,0,91,100
109,0,91,100
109,0,91,100
109,0,91,100
109,0,91,100
109,0,91,100
109,0,91,100
109,0,91,100
109,0,91,100
109,0,91,100
109,0,91,100
109,0,91,100
109,0,91,100
109,0,91,100
109,0,91,100
109,0,91,100
109,0,91,100
109,0,91,100
109,0,91,100
109,0,91,100
109,0,91,100
109,0,91,100
109,0,91,100
109,0,91,100
109,0,91,100
109,0,91,100
109,0,91,100
109,0,91,100
109,0,91,100
109,0,91,100
109,0,91,100
109,0,91,100
109,0,91,100
95,0,91,21
101,0,91,22
106,0,91,22
110,0,91,22
114,0,91,22
117,0,91,23
120,0,91,24
122,0,91,24
124,0,91,25
125,0,91,25
126,0,91,25
128,0,91,24
128,0,91,25
129,0,91,24
129,0,91,24
129,0,91,24
129,0,91,24
129,0,91,24
128,0,91,25
127,0,91,26
126,0,91,27
126,0,91,29
125,0,91,29
124,0,91,30
123,0,91,31
122,0,91,32
121,0,91,32
121,0,91,32
120,0,91,33
119,0,91,33
118,0,91,33
117,0,91,32
117,0,91,32
116,0,91,33
115,0,91,32
114,0,91,33
114,0,91,33
113,0,91,31
113,0,91,31
112,0,91,31
112,0,91,30
111,0,91,31
110,0,91,31
110,0,91,30
109,0,91,30
107,0,91,28
104,0,91,28
102,0,91,27
100,0,91,27
99,0,91,27
97,0,91,26
96,0,91,25
95,0,91,24
94,0,91,23
93,0,91,22
93,0,91,22
92,0,91,21
92,0,91,100
92,0,91,100
92,0,91,100
92,0,91,100
92,0,91,100
92,0,91,100
92,0,91,100
92,0,91,100
92,0,91,100
92,0,91,100
92,0,91,100
92,0,91,100
92,0,91,100
92,0,91,100
92,0,91,100
92,0,91,100
92,0,91,100
92,0,91,100
92,0,91,100
92,0,91,100
92,0,91,100
92,0,91,100
92,0,91,100
92,0,91,100
92,0,91,100
92,0,91,100
92,0,91,100
92,0,91,100
92,0,91,100
92,0,91,100
92,0,91,100
92,0,91,100
92,0,91,100
92,0,91,100
92,0,91,100
92,0,91,100
92,0,91,100
92,0,91,100
92,0,91,100
92,0,91,100
92,0,91,100
92,0,91,100
92,0,91,100
92,0,91,100
92,0,91,100
92,0,91,100
92,0,91,100
92,0,91,100
92,0,91,100
92,0,91,100
92,0,91,100
92,0,91,100
92,0,91,100
92,0,91,100
92,0,91,100
92,0,91,100
92,0,91,100
92,0,91,100
92,0,91,100
92,0,91,100
92,0,91,100
92,0,91,100
92,0,91,100
92,0,91,100
92,0,91,100
92,0,91,100
92,0,91,100
92,0,91,100
92,0,91,100
92,0,91,100
92,0,91,100
92,0,91,100
92,0,91,100
92,0,91,100
92,0,91,100
92,0,91,100
92,0,91,100
92,0,91,100
92,0,91,100
92,0,91,100
92,0,91,100
92,0,91,100
92,0,91,100
92,0,91,100
92,0,91,100
92,0,91,100
92,0,91,100
92,0,91,100
92,0,91,100
92,0,91,100
92,0,91,100
92,0,91,100
92,0,91,100
92,0,91,100
92,0,91,100
92,0,91,100
92,0,91,100
92,0,91,100
92,0,91,100
92,0,91,100
92,0,91,100
92,0,91,100
92,0,91,100
92,0,91,100
92,0,91,100
92,0,91,100
92,0,91,100
92,0,91,100
92,0,91,100
92,0,91,100
92,0,91,100
92,0,91,100
92,0,91,100
92,0,91,100
92,0,91,100
92,0,91,100
92,0,91,100
92,0,91,100
92,0,91,100
92,0,91,100
92,0,91,100
92,0,91,100
92,0,91,100
92,0,91,100
92,0,91,100
92,0,91,100
92,0,91,100
92,0,91,100
92,0,91,100
92,0,91,100
92,0,91,100
92,0,91,100
92,0,91,100
92,0,91,100
92,0,91,100
92,0,91,100
92,0,91,100
92,0,91,100
92,0,91,100
92,0,91,100
92,0,91,100
92,0,91,100
92,0,91,100
92,0,91,100
92,0,91,100
92,0,91,100
92,0,91,100
92,0,91,100
92,0,91,100
92,0,91,100
92,0,91,100
92,0,91,100
92,0,91,100
92,0,91,100
92,0,91,100
92,0,91,100
92,0,91,100
92,0,91,100
92,0,91,100
92,0,91,100
92,0,91,100
92,0,91,100
92,0,91,100
92,0,91,100
92,0,91,100
92,0,91,100
92,0,91,100
92,0,91,100
92,0,91,100
92,0,91,100
92,0,91,100
92,0,91,100
92,0,91,100
92,0,91,100
92,0,91,100
92,0,91,100
92,0,91,100
92,0,91,100
92,0,91,100
92,0,91,100
92,0,91,100
92,0,91,100
92,0,91,100
92,0,91,100
92,0,91,100
92,0,91,100
92,0,91,100
92,0,91,100
92,0,91,100
92,0,91,100
92,0,91,100
92,0,91,100
92,0,91,100
92,0,91,100
92,0,91,100
92,0,91,100
92,0,91,100
92,0,91,100
92,0,91,100
92,0,91,100
92,0,91,100
92,0,91,100
92,0,91,100
92,0,91,100
92,0,91,100
92,0,91,100
92,0,91,100
92,0,91,100
92,0,91,100
92,0,91,100
92,0,91,100
92,0,91,100
92,0,91,100
92,0,91,100
92,0,91,100
92,0,91,100
92,0,91,100
92,0,91,100
92,0,91,100
92,0,91,100
92,0,91,100
92,0,91,100
92,0,91,100
92,0,91,100
92,0,91,100
92,0,91,100
92,0,91,100
92,0,91,100
92,0,91,100
92,0,91,100
92,0,91,100
92,0,91,100
92,0,91,100
92,0,91,100
92,0,91,100
89,20,96,100
89,0,96,100
89,0,96,100
90,22,84,100
90,0,84,100
90,0,84,100
90,0,84,100
90,0,84,100
90,0,84,100
90,0,84,100
90,0,84,100
90,0,84,100
90,0,84,100
90,0,84,100
90,0,84,100
90,0,84,100
90,0,84,100
90,0,84,100
90,0,84,100
90,0,84,100
90,0,84,100
90,0,84,100
90,0,84,100
90,0,84,100
90,0,84,100
90,0,84,100
90,0,84,100
90,0,84,100
90,0,84,100
90,0,84,100
90,0,84,100
90,0,84,100
90,0,84,100
90,0,84,100
90,0,84,100
90,0,84,100
90,0,84,100
90,0,84,100
90,0,84,100
90,0,84,100
90,0,84,100
90,0,84,100
90,0,84,100
90,0,84,100
90,0,84,100
90,0,84,100
90,0,84,100
90,0,84,100
90,0,84,100
90,0,84,100
90,0,84,100
90,0,84,100
90,0,84,100
90,0,84,100
90,0,84,100
90,0,84,100
90,0,84,100
90,0,84,100
90,0,84,100
90,0,84,100
90,0,84,100
90,0,84,100
90,0,84,100
90,0,84,100
90,0,84,100
90,0,84,100
90,0,84,100
90,0,84,100
90,0,84,100
90,0,84,100
90,0,84,100
90,0,84,100
90,0,84,100
90,0,84,100
90,0,84,100
90,0,84,100
90,0,84,100
90,0,84,100
90,0,84,100
90,0,84,100
90,0,84,100
90,0,84,100
90,0,84,100
90,0,84,100
90,0,84,100
90,0,84,100
90,0,84,100
90,0,84,100
90,0,84,100
90,0,84,100
90,0,84,100
90,0,84,100
90,0,84,100
90,0,84,100
90,0,84,100
90,0,84,100
90,0,84,100
90,0,84,100
90,0,84,100
90,0,84,100
90,0,84,100
90,0,84,100
90,0,84,100
90,0,84,100
90,0,84,100
90,0,84,100
90,0,84,100
90,0,84,100
90,0,84,100
90,0,84,100
90,0,84,100
90,0,84,100
90,0,84,100
90,0,84,100
90,0,84,100
90,0,84,100
90,0,84,100
90,0,84,100
90,0,84,100
90,0,84,100
90,0,84,100
90,0,84,100
90,0,84,100
90,0,84,100
90,0,84,100
90,0,84,100
90,0,84,100
90,0,84,100
90,0,84,100
90,0,84,100
90,0,84,100
90,0,84,100
90,0,84,100
90,0,84,100
90,0,84,100
90,0,84,100
90,0,84,100
90,0,84,100
90,0,84,100
90,0,84,100
90,0,84,100
90,0,84,100
90,0,84,100
90,0,84,100
90,0,84,100
90,0,84,100
90,0,84,100
90,0,84,100
90,0,84,100
90,0,84,100
90,0,84,100
90,0,84,100
90,0,84,100
90,0,84,100
90,0,84,100
90,0,84,100
90,0,84,100
90,0,84,100
90,0,84,100
90,0,84,100
90,0,84,100
90,0,84,100
90,0,84,100
90,0,84,100
90,0,84,100
90,0,84,100
90,0,84,100
90,0,84,100
90,0,84,100
90,0,84,100
90,0,84,100
90,0,84,100
90,0,84,100
90,0,84,100
90,0,84,100
90,0,84,100
90,0,84,100
90,0,84,100
90,0,84,100
90,0,84,100
90,0,84,100
90,0,84,100
90,0,84,100
90,0,84,100
90,0,84,100
90,0,84,100
90,0,84,100
90,0,84,100
90,0,84,100
90,0,84,100
90,0,84,100
90,0,84,100
90,0,84,100
90,0,84,100
90,0,84,100
90,0,84,100
90,0,84,100
90,0,84,100
90,0,84,100
90,0,84,100
90,0,84,100
90,0,84,100
90,0,84,100
90,0,84,100
90,0,84,100
90,0,84,100
90,0,84,100
90,0,84,100
90,0,84,100
90,0,84,100
90,0,84,100
90,0,84,100
90,0,84,100
90,0,84,100
90,0,84,100
90,0,84,100
90,0,84,100
90,0,84,100
90,0,84,100
90,0,84,100
90,0,84,100
90,0,84,100
90,0,84,100
90,0,84,100
90,0,84,100
90,0,84,100
90,0,84,100
90,0,84,100
90,0,84,100
90,0,84,100
90,0,84,100
90,0,84,100
90,0,84,100
90,0,84,100
90,0,84,100
90,0,84,100
90,0,84,100
90,0,84,100
90,0,84,100
90,0,84,100
90,0,84,100
90,0,84,100
90,0,84,100
90,0,84,100
90,0,84,100
90,0,84,100
90,0,84,100
90,0,84,100
90,0,84,100
90,0,84,100
90,0,84,100
90,0,84,100
90,0,84,100
90,0,84,100
90,0,84,100
90,0,84,100
90,0,84,100
90,0,84,100
90,0,84,100
90,0,84,100
90,0,84,100
90,0,84,100
90,0,84,100
90,0,84,100
90,0,84,100
90,0,84,100
90,0,84,100
90,0,84,100
90,0,84,100
90,0,84,100
90,0,84,100
90,0,84,100
90,0,84,100
90,0,84,100
90,0,84,100
90,0,84,100
90,0,84,100
90,0,84,100
90,0,84,100
90,0,84,100
90,0,84,100
90,0,84,100
90,0,84,100
90,0,84,100
90,0,84,100
90,0,84,100
90,0,84,100
90,0,84,100
90,0,84,100
90,0,84,100
90,0,84,100
90,0,84,100
90,0,84,100
90,0,84,100
90,0,84,100
90,0,84,100
90,0,84,100
90,0,84,100
90,0,84,100
90,0,84,100
90,0,84,100
90,0,84,100
90,0,84,100
90,0,84,100
90,0,84,100
90,0,84,100
90,0,84,100
90,0,84,100
90,0,84,100
90,0,84,100
90,0,84,100
90,0,84,100
90,0,84,100
90,0,84,100
90,0,84,100
90,0,84,100
90,0,84,100
90,0,84,100
85,0,84,21
88,0,84,21
92,0,84,21
95,0,84,21
97,0,84,21
100,0,84,21
101,0,84,21
103,0,84,21
105,0,84,21
105,0,84,100
105,0,84,100
105,0,84,100
105,0,84,100
105,0,84,100
105,0,84,100
105,0,84,100
105,0,84,100
105,0,84,100
105,0,84,100
105,0,84,100
105,0,84,100
105,0,84,100
105,0,84,100
105,0,84,100
105,0,84,100
105,0,84,100
105,0,84,100
105,0,84,100
105,0,84,100
105,0,84,100
105,0,84,100
105,0,84,100
105,0,84,100
105,0,84,100
105,0,84,100
105,0,84,100
105,17,152,100
105,0,152,100
105,0,152,100
105,0,152,100
105,0,152,100
105,0,152,100
105,0,152,100
105,0,152,100
105,0,152,100
105,0,152,100
105,0,152,100
105,0,152,100
105,0,152,100
105,0,152,100
105,0,152,100
105,0,152,100
105,0,152,100
105,0,152,100
105,0,152,100
105,0,152,100
105,0,152,100
105,0,152,100
105,0,152,100
105,0,152,100
105,0,152,100
105,0,152,100
105,0,152,100
105,0,152,100
105,0,152,100
105,0,152,100
105,0,152,100
105,0,152,100
105,0,152,100
105,0,152,100
147,0,152,22
148,0,152,23
149,0,152,24
149,0,152,25
150,0,152,26
150,17,156,26
151,0,156,26
151,0,156,25
151,0,156,25
151,0,156,25
151,0,156,24
151,0,156,24
151,0,156,24
151,0,156,23
151,0,156,23
151,0,156,22
151,0,156,22
151,0,156,21
151,0,156,21
151,0,156,21
151,0,156,100
151,0,156,100
151,0,156,100
151,0,156,100
151,0,156,100
151,0,156,100
151,0,156,100
151,0,156,100
151,0,156,100
151,0,156,100
151,0,156,100
151,0,156,100
151,0,156,100
151,0,156,100
151,0,156,100
151,0,156,100
151,0,156,100
151,0,156,100
151,0,156,100
151,0,156,100
151,0,156,100
151,0,156,100
151,0,156,100
151,0,156,100
151,0,156,100
151,0,156,100
151,0,156,100
151,0,156,100
151,0,156,100
151,0,156,100
151,0,156,100
151,0,156,100
151,0,156,100
151,0,156,100
151,0,156,100
151,0,156,100
151,0,156,100
151,0,156,100
151,0,156,100
151,0,156,100
151,0,156,100
151,0,156,100
151,0,156,100
151,0,156,100
151,0,156,100
151,0,156,100
151,0,156,100
151,0,156,100
151,0,156,100
151,0,156,100
151,0,156,100
151,0,156,100
151,0,156,100
151,0,156,100
151,0,156,100
151,0,156,100
151,0,156,100
151,0,156,100
151,0,156,100
151,0,156,100
151,0,156,100
151,0,156,100
151,0,156,100
151,0,156,100
151,0,156,100
151,0,156,100
151,0,156,100
151,0,156,100
151,0,156,100
151,0,156,100
151,0,156,100
151,0,156,100
151,0,156,100
151,0,156,100
151,0,156,100
151,0,156,100
151,0,156,100
151,0,156,100
151,0,156,100
151,0,156,100
151,0,156,100
151,0,156,100
151,0,156,100
151,0,156,100
151,0,156,100
151,0,156,100
151,0,156,100
151,0,156,100
151,0,156,100
151,0,156,100
151,0,156,100
151,0,156,100
151,0,156,100
151,0,156,100
151,0,156,100
151,0,156,100
151,0,156,100
151,0,156,100
151,0,156,100
151,0,156,100
151,0,156,100
151,0,156,100
151,0,156,100
151,0,156,100
151,0,156,100
151,0,156,100
151,0,156,100
151,0,156,100
151,0,156,100
151,0,156,100
151,0,156,100
151,0,156,100
151,0,156,100
151,0,156,100
151,0,156,100
151,0,156,100
151,0,156,100
151,0,156,100
151,0,156,100
151,0,156,100
151,0,156,100
151,0,156,100
151,0,156,100
151,0,156,100
151,0,156,100
151,0,156,100
151,0,156,100
151,0,156,100
151,0,156,100
151,0,156,100
151,0,156,100
151,0,156,100
151,0,156,100
151,0,156,100
151,0,156,100
151,0,156,100
151,0,156,100
151,0,156,100
151,0,156,100
151,0,156,100
151,0,156,100
151,0,156,100
151,0,156,100
151,0,156,100
151,0,156,100
151,0,156,100
151,0,156,100
151,0,156,100
151,0,156,100
151,0,156,100
151,0,156,100
151,0,156,100
151,0,156,100
151,0,156,100
151,0,156,100
151,0,156,100
151,0,156,100
151,0,156,100
151,0,156,100
151,0,156,100
151,0,156,100
151,0,156,100
151,0,156,100
151,0,156,100
151,0,156,100
151,0,156,100
151,0,156,100
151,0,156,100
151,0,156,100
151,22,156,100
151,0,156,100
152,20,157,100
152,0,157,100
152,24,140,100
152,0,140,100
152,0,140,100
152,0,140,100
152,0,140,100
152,0,140,100
152,18,108,100
152,0,108,100
152,0,108,100
152,0,108,100
152,0,108,100
152,0,108,100
121,23,104,100
121,0,104,100
116,17,120,100
116,44,119,100
115,20,127,100
116,33,134,100
116,0,134,100
119,37,145,100
122,53,151,100
125,50,156,100
128,20,150,100
131,34,156,100
133,31,156,100
136,36,156,100
138,20,156,100
140,0,156,25
141,0,156,28
142,23,156,29
144,23,156,30
145,20,156,32
146,0,156,32
148,30,156,37
149,0,156,38
150,0,156,41
151,21,156,43
152,19,156,44
153,33,156,46
154,21,156,48
156,18,156,50
156,0,156,52
156,22,156,0
156,0,156,0
156,18,156,0
156,0,156,0
156,0,156,0
156,0,156,0
156,0,156,0
156,19,156,0
156,27,156,0
153,19,156,0
153,0,156,0
153,26,156,0
153,0,156,0
153,0,156,0
153,0,156,0
153,0,156,0
153,0,156,0
153,0,156,0
153,0,156,0
153,0,156,0
153,0,156,0
153,0,156,0
153,0,156,0
153,0,156,0
153,0,156,0
153,0,156,0
153,0,156,0
153,0,156,0
153,0,156,0
153,0,156,0
153,0,156,0
153,0,156,0
153,0,156,0
153,0,156,0
153,0,156,0
153,0,156,0
153,0,156,0
153,0,156,100
149,0,156,28
145,0,156,28
142,0,156,28
139,0,156,28
137,0,156,28
135,0,156,28
133,0,156,28
132,0,156,29
131,0,156,29
130,0,156,29
129,0,156,30
128,0,156,29
127,0,156,30
126,0,156,31
125,0,156,31
125,0,156,30
123,0,156,31
122,0,156,31
122,0,156,30
121,0,156,30
121,0,156,30
121,0,156,29
120,0,156,29
120,0,156,29
120,0,156,28
120,0,156,27
119,0,156,26
119,0,156,26
119,0,156,25
118,0,156,25
118,0,156,25
118,0,156,25
118,0,156,25
118,0,156,25
118,0,156,25
118,0,156,26
118,0,156,26
118,0,156,27
117,0,156,27
117,0,156,26
117,0,156,26
117,0,156,26
116,0,156,25
116,0,156,24
116,0,156,23
116,0,156,22
116,0,156,21
116,0,156,21
116,0,156,21
116,0,156,100
116,0,156,100
116,0,156,100
116,0,156,100
116,0,156,100
116,0,156,100
116,0,156,100
116,0,156,100
116,0,156,100
116,0,156,100
139,0,156,22
136,0,156,23
133,0,156,23
130,0,156,24
128,0,156,24
126,0,156,24
125,0,156,25
124,0,156,26
122,0,156,26
121,0,156,27
120,0,156,27
119,0,156,27
118,0,156,27
118,0,156,27
117,0,156,27
117,0,156,27
116,0,156,26
116,0,156,26
116,0,156,25
116,0,156,25
115,0,156,25
115,0,156,25
115,0,156,25
114,0,156,25
114,0,156,25
114,0,156,25
114,0,156,25
114,0,156,25
114,0,156,24
114,0,156,24
114,0,156,24
114,0,156,24
114,0,156,24
114,0,156,25
113,0,156,25
113,0,156,25
113,0,156,25
113,0,156,25
112,0,156,24
112,0,156,23
112,0,156,22
112,0,156,21
111,0,156,21
111,0,156,100
111,0,156,100
111,0,156,100
111,0,156,100
111,0,156,100
111,0,156,100
111,0,156,100
111,0,156,100
111,0,156,100
111,0,156,100
111,0,156,100
111,0,156,100
111,0,156,100
111,0,156,100
111,0,156,100
111,0,156,100
111,0,156,100
111,0,156,100
111,0,156,100
111,0,156,100
111,0,156,100
111,0,156,100
111,0,156,100
111,0,156,100
111,0,156,100
111,0,156,100
111,0,156,100
111,0,156,100
111,0,156,100
111,0,156,100
111,0,156,100
111,0,156,100
111,0,156,100
111,0,156,100
111,0,156,100
111,0,156,100
111,0,156,100
111,0,156,100
111,0,156,100
111,0,156,100
111,0,156,100
111,0,156,100
111,0,156,100
111,0,156,100
111,0,156,100
111,0,156,100
111,0,156,100
111,0,156,100
111,0,156,100
111,0,156,100
111,0,156,100
111,0,156,100
111,0,156,100
111,0,156,100
111,0,156,100
111,0,156,100
111,0,156,100
111,0,156,100
111,0,156,100
111,0,156,100
111,0,156,100
111,0,156,100
111,0,156,100
111,0,156,100
111,0,156,100
111,0,156,100
111,0,156,100
111,0,156,100
111,0,156,100
111,0,156,100
111,0,156,100
111,0,156,100
111,0,156,100
111,0,156,100
111,0,156,100
111,0,156,100
111,0,156,100
111,0,156,100
111,0,156,100
111,0,156,100
111,0,156,100
111,0,156,100
111,0,156,100
111,0,156,100
111,0,156,100
111,0,156,100
111,0,156,100
111,0,156,100
111,0,156,100
111,0,156,100
111,0,156,100
111,0,156,100
111,0,156,100
111,0,156,100
111,0,156,100
111,0,156,100
111,0,156,100
111,0,156,100
111,0,156,100
111,0,156,100
111,0,156,100
111,0,156,100
111,0,156,100
111,0,156,100
111,0,156,100
111,0,156,100
111,0,156,100
111,0,156,100
111,0,156,100
111,0,156,100
111,0,156,100
111,0,156,100
111,0,156,100
111,0,156,100
111,0,156,100
111,0,156,100
111,0,156,100
111,0,156,100
111,0,156,100
111,0,156,100
111,0,156,100
111,0,156,100
111,0,156,100
111,0,156,100
111,0,156,100
111,0,156,100
111,0,156,100
111,0,156,100
111,0,156,100
111,0,156,100
111,0,156,100
111,0,156,100
111,0,156,100
111,0,156,100
111,0,156,100
111,0,156,100
111,0,156,100
111,0,156,100
111,0,156,100
111,0,156,100
111,0,156,100
111,0,156,100
111,0,156,100
111,0,156,100
111,0,156,100
111,0,156,100
111,0,156,100
111,0,156,100
111,0,156,100
111,0,156,100
111,0,156,100
111,0,156,100
111,0,156,100
111,0,156,100
111,0,156,100
111,0,156,100
111,0,156,100
111,0,156,100
111,0,156,100
111,0,156,100
111,0,156,100
111,0,156,100
111,0,156,100
111,0,156,100
111,0,156,100
111,0,156,100
111,0,156,100
111,0,156,100
111,0,156,100
111,0,156,100
111,0,156,100
111,0,156,100
111,0,156,100
111,0,156,100
111,0,156,100
111,0,156,100
111,0,156,100
111,0,156,100
111,0,156,100
111,0,156,100
111,0,156,100
111,0,156,100
111,0,156,100
111,0,156,100
111,0,156,100
111,0,156,100
111,0,156,100
111,0,156,100
111,0,156,100
111,0,156,100
111,0,156,100
111,0,156,100
111,0,156,100
111,0,156,100
111,0,156,100
111,0,156,100
111,0,156,100
111,0,156,100
111,0,156,100
111,0,156,100
111,0,156,100
111,0,156,100
111,0,156,100
111,0,156,100
111,0,156,100
111,0,156,100
111,0,156,100
111,0,156,100
111,0,156,100
111,0,156,100
111,0,156,100
111,0,156,100
111,0,156,100
111,0,156,100
111,0,156,100
111,0,156,100
111,0,156,100
111,0,156,100
111,0,156,100
111,0,156,100
111,0,156,100
111,0,156,100
111,0,156,100
111,0,156,100
111,0,156,100
111,0,156,100
111,0,156,100
111,0,156,100
111,0,156,100
111,0,156,100
111,0,156,100
111,0,156,100
111,0,156,100
111,0,156,100
111,0,156,100
111,0,156,100
111,0,156,100
111,0,156,100
111,0,156,100
111,0,156,100
111,0,156,100
111,0,156,100
111,0,156,100
111,0,156,100
111,0,156,100
111,0,156,100
111,0,156,100
111,0,156,100
111,0,156,100
111,0,156,100
111,0,156,100
111,0,156,100
111,0,156,100
111,0,156,100
111,0,156,100
111,0,156,100
111,0,156,100
111,0,156,100
111,0,156,100
111,0,156,100
111,0,156,100
111,0,156,100
111,0,156,100
111,0,156,100
111,0,156,100
111,0,156,100
111,0,156,100
111,0,156,100
111,0,156,100
111,0,156,100
111,0,156,100
111,0,156,100
111,0,156,100
111,0,156,100
111,0,156,100
111,0,156,100
111,0,156,100
148,0,156,21
146,0,156,21
144,0,156,22
142,0,156,23
141,0,156,23
140,0,156,23
138,0,156,24
137,0,156,24
137,0,156,24
136,0,156,25
135,0,156,25
134,0,156,25
134,0,156,25
134,0,156,25
134,0,156,25
133,0,156,25
133,0,156,25
133,0,156,24
133,0,156,24
134,0,156,23
134,0,156,22
134,0,156,22
134,0,156,22
134,0,156,21
134,0,156,21
134,0,156,21
134,0,156,21
134,0,156,21
134,0,156,100
134,0,156,100
134,0,156,100
134,0,156,100
134,0,156,100
134,0,156,100
134,0,156,100
134,0,156,100
134,0,156,100
134,0,156,100
134,0,156,100
134,0,156,100
134,0,156,100
134,0,156,100
134,0,156,100
134,0,156,100
134,0,156,100
134,0,156,100
134,0,156,100
134,0,156,100
134,0,156,100
134,0,156,100
134,0,156,100
134,0,156,100
134,0,156,100
134,0,156,100
134,0,156,100
134,0,156,100
134,0,156,100
134,0,156,100
134,0,156,100
134,0,156,100
134,0,156,100
134,0,156,100
134,0,156,100
134,0,156,100
134,0,156,100
134,0,156,100
134,0,156,100
134,0,156,100
134,0,156,100
134,0,156,100
134,0,156,100
134,0,156,100
134,0,156,100
134,0,156,100
134,0,156,100
134,0,156,100
134,0,156,100
134,0,156,100
134,0,156,100
134,0,156,100
134,0,156,100
134,0,156,100
134,0,156,100
134,0,156,100
134,0,156,100
134,0,156,100
134,0,156,100
134,0,156,100
134,0,156,100
134,0,156,100
134,0,156,100
134,0,156,100
134,0,156,100
134,0,156,100
134,0,156,100
134,0,156,100
134,0,156,100
134,0,156,100
149,0,156,21
147,0,156,21
145,0,156,21
144,0,156,21
143,0,156,21
142,0,156,22
141,0,156,22
140,0,156,22
139,0,156,23
139,0,156,23
138,0,156,24
138,0,156,24
137,0,156,24
137,0,156,24
137,0,156,24
137,0,156,24
136,0,156,24
136,0,156,23
136,0,156,22
136,0,156,21
136,0,156,100
136,0,156,100
136,0,156,100
136,0,156,100
136,0,156,100
136,0,156,100
136,0,156,100
136,0,156,100
136,0,156,100
136,0,156,100
136,0,156,100
136,0,156,100
136,0,156,100
136,0,156,100
136,0,156,100
136,0,156,100
136,0,156,100
136,0,156,100
136,0,156,100
136,0,156,100
136,0,156,100
136,0,156,100
136,0,156,100
136,0,156,100
136,0,156,100
136,0,156,100
136,0,156,100
136,0,156,100
136,0,156,100
136,0,156,100
136,0,156,100
136,0,156,100
136,0,156,100
136,0,156,100
136,0,156,100
136,0,156,100
136,0,156,100
136,0,156,100
136,0,156,100
136,0,156,100
136,0,156,100
136,0,156,100
136,0,156,100
136,0,156,100
136,0,156,100
136,0,156,100
136,0,156,100
136,0,156,100
136,0,156,100
136,0,156,100
136,0,156,100
136,0,156,100
136,0,156,100
136,0,156,100
136,0,156,100
136,0,156,100
136,0,156,100
136,0,156,100
136,0,156,100
136,0,156,100
136,0,156,100
136,0,156,100
136,0,156,100
136,0,156,100
136,0,156,100
136,0,156,100
136,0,156,100
136,0,156,100
136,0,156,100
136,0,156,100
136,0,156,100
136,0,156,100
136,0,156,100
136,0,156,100
136,0,156,100
136,0,156,100
136,0,156,100
136,0,156,100
136,0,156,100
136,0,156,100
136,0,156,100
136,0,156,100
136,0,156,100
136,0,156,100
136,0,156,100
136,0,156,100
136,0,156,100
136,0,156,100
136,0,156,100
136,0,156,100
136,0,156,100
136,0,156,100
136,0,156,100
136,0,156,100
136,0,156,100
136,0,156,100
136,0,156,100
136,0,156,100
136,0,156,100
136,0,156,100
136,0,156,100
136,0,156,100
136,0,156,100
136,0,156,100
136,0,156,100
136,0,156,100
136,0,156,100
136,0,156,100
136,0,156,100
136,0,156,100
136,0,156,100
136,0,156,100
136,0,156,100
136,0,156,100
136,0,156,100
136,0,156,100
136,0,156,100
136,0,156,100
136,0,156,100
136,0,156,100
136,0,156,100
136,0,156,100
136,0,156,100
136,0,156,100
136,0,156,100
136,0,156,100
136,0,156,100
136,0,156,100
136,0,156,100
136,0,156,100
136,0,156,100
136,0,156,100
136,0,156,100
136,0,156,100
136,0,156,100
136,0,156,100
136,0,156,100
136,0,156,100
136,0,156,100
136,0,156,100
136,0,156,100
136,0,156,100
136,0,156,100
136,0,156,100
136,0,156,100
136,0,156,100
136,0,156,100
136,0,156,100
136,0,156,100
136,0,156,100
136,0,156,100
136,0,156,100
136,0,156,100
136,0,156,100
136,0,156,100
136,0,156,100
136,0,156,100
136,0,156,100
136,0,156,100
136,0,156,100
136,0,156,100
136,0,156,100
136,0,156,100
136,0,156,100
136,0,156,100
136,0,156,100
136,0,156,100
136,0,156,100
136,0,156,100
136,0,156,100
136,0,156,100
136,0,156,100
136,0,156,100
136,0,156,100
136,0,156,100
136,0,156,100
136,0,156,100
136,0,156,100
136,0,156,100
136,0,156,100
136,0,156,100
136,0,156,100
136,0,156,100
136,0,156,100
136,0,156,100
136,0,156,100
136,0,156,100
136,0,156,100
136,0,156,100
136,0,156,100
136,0,156,100
136,0,156,100
136,0,156,100
136,0,156,100
136,0,156,100
136,0,156,100
136,0,156,100
136,0,156,100
136,0,156,100
136,0,156,100
136,0,156,100
136,0,156,100
136,0,156,100
136,0,156,100
136,0,156,100
136,0,156,100
136,0,156,100
136,0,156,100
136,0,156,100
136,0,156,100
136,0,156,100
136,0,156,100
136,0,156,100
136,0,156,100
136,0,156,100
136,0,156,100
136,0,156,100
136,0,156,100
136,0,156,100
136,0,156,100
136,0,156,100
136,0,156,100
136,0,156,100
136,0,156,100
136,0,156,100
136,0,156,100
136,0,156,100
136,0,156,100
136,0,156,100
136,0,156,100
136,0,156,100
136,0,156,100
136,0,156,100
136,0,156,100
136,0,156,100
136,0,156,100
136,0,156,100
136,0,156,100
136,0,156,100
136,0,156,100
136,0,156,100
136,0,156,100
136,0,156,100
136,0,156,100
136,0,156,100
136,0,156,100
136,0,156,100
136,0,156,100
136,0,156,100
136,0,156,100
136,0,156,100
136,0,156,100
136,0,156,100
136,0,156,100
136,0,156,100
136,0,156,100
136,0,156,100
136,0,156,100
136,0,156,100
136,0,156,100
136,0,156,100
136,0,156,100
136,0,156,100
136,0,156,100
136,0,156,100
136,0,156,100
136,0,156,100
136,0,156,100
136,0,156,100
136,0,156,100
136,0,156,100
136,0,156,100
136,0,156,100
136,0,156,100
136,0,156,100
136,0,156,100
136,0,156,100
136,0,156,100
136,0,156,100
136,0,156,100
136,0,156,100
136,0,156,100
136,0,156,100
136,0,156,100
136,0,156,100
136,0,156,100
136,0,156,100
136,0,156,100
136,0,156,100
136,0,156,100
136,0,156,100
136,0,156,100
136,0,156,100
136,0,156,100
136,0,156,100
136,0,156,100
136,0,156,100
136,0,156,100
136,0,156,100
136,0,156,100
136,0,156,100
136,0,156,100
136,0,156,100
136,0,156,100
136,0,156,100
136,0,156,100
136,0,156,100
136,0,156,100
149,0,156,23
146,0,156,24
142,0,156,27
141,0,156,27
140,0,156,27
139,0,156,28
138,0,156,28
137,0,156,29
137,0,156,29
136,0,156,30
135,0,156,30
135,0,156,30
134,0,156,30
134,0,156,30
133,0,156,30
133,0,156,30
133,0,156,29
132,0,156,29
132,0,156,29
131,0,156,28
130,0,156,29
130,0,156,29
129,0,156,30
129,0,156,29
129,0,156,29
128,0,156,29
128,0,156,100
128,0,156,31
125,0,156,32
122,0,156,32
120,0,156,31
117,0,156,31
116,0,156,31
114,0,156,31
119,0,156,28
123,0,156,28
126,0,156,27
130,0,156,26
132,0,156,25
135,0,156,24
137,0,156,23
133,0,156,23
136,0,156,22
133,0,156,22
132,0,156,21
132,0,156,100
132,0,156,100
132,0,156,100
132,0,156,100
132,0,156,100
132,0,156,100
132,0,156,100
132,0,156,100
132,0,156,100
132,0,156,100
132,0,156,100
132,0,156,100
148,0,156,21
149,0,156,21
149,0,156,21
150,0,156,22
150,0,156,21
152,0,156,21
152,0,156,0
152,0,156,0
152,0,156,0
152,0,156,0
152,0,156,0
152,0,156,0
152,0,156,0
152,0,156,0
152,0,156,0
152,0,156,0
152,0,156,0
152,0,156,0
152,0,156,0
152,0,156,0
152,0,156,0
152,0,156,0
152,0,156,0
152,0,156,0
152,0,156,0
152,0,156,100
152,0,156,100
152,0,156,100
152,0,156,100
152,0,156,100
152,0,156,100
152,0,156,100
152,0,156,100
152,0,156,100
152,0,156,100
152,0,156,100
152,0,156,100
152,0,156,100
152,0,156,100
152,0,156,100
152,0,156,100
152,0,156,100
152,0,156,100
152,0,156,100
152,0,156,100
152,0,156,100
152,0,156,100
152,0,156,100
152,0,156,100
152,0,156,100
152,0,156,100
152,0,156,100
152,0,156,100
152,0,156,100
152,0,156,100
152,0,156,100
152,0,156,100
152,0,156,100
152,0,156,100
152,0,156,100
152,0,156,100
152,0,156,100
152,0,156,100
152,0,156,100
152,0,156,100
152,0,156,100
152,0,156,100
152,0,156,100
152,0,156,100
152,0,156,100
152,0,156,100
152,0,156,100
152,0,156,100
152,0,156,100
152,0,156,100
152,0,156,100
152,0,156,100
152,0,156,100
152,0,156,100
152,0,156,100
152,0,156,100
152,0,156,100
152,0,156,100
152,0,156,100
152,0,156,100
152,0,156,100
152,0,156,100
152,0,156,100
152,0,156,100
152,0,156,100
152,0,156,100
152,0,156,100
152,0,156,100
152,0,156,100
152,0,156,100
152,0,156,100
152,0,156,100
152,0,156,100
152,0,156,100
152,0,156,100
152,0,156,100
152,0,156,100
152,0,156,100
152,0,156,100
152,0,156,100
152,0,156,100
152,0,156,100
152,0,156,100
152,0,156,100
152,0,156,100
152,0,156,100
152,0,156,100
152,0,156,100
152,0,156,100
152,0,156,100
152,0,156,100
152,0,156,100
152,0,156,100
152,0,156,100
152,0,156,100
152,0,156,100
152,0,156,100
152,0,156,100
152,0,156,100
152,0,156,100
152,0,156,100
152,0,156,100
152,0,156,100
152,0,156,100
152,0,156,100
152,0,156,100
152,0,156,100
152,0,156,100
152,0,156,100
152,0,156,100
152,0,156,100
152,0,156,100
152,0,156,100
152,0,156,100
152,0,156,100
152,0,156,100
152,0,156,100
152,0,156,100
152,0,156,100
152,0,156,100
152,0,156,100
152,0,156,100
152,0,156,100
152,0,156,100
152,0,156,100
152,0,156,100
152,0,156,100
152,0,156,100
152,0,156,100
152,0,156,100
152,0,156,100
152,0,156,100
152,0,156,100
152,0,156,100
152,0,156,100
152,0,156,100
152,0,156,100
148,0,156,22
144,0,156,22
141,0,156,23
138,0,156,23
136,0,156,23
134,0,156,23
132,0,156,23
130,0,156,24
129,0,156,24
128,0,156,25
127,0,156,25
126,0,156,25
126,0,156,25
125,0,156,25
125,0,156,25
124,0,156,26
124,0,156,26
124,0,156,26
123,0,156,26
123,0,156,26
123,0,156,25
123,0,156,24
123,0,156,23
123,0,156,24
123,0,156,24
123,0,156,24
123,0,156,25
123,0,156,25
123,0,156,24
123,0,156,24
123,0,156,23
123,0,156,23
123,0,156,23
123,0,156,23
123,0,156,23
123,0,156,23
123,0,156,23
123,0,156,23
123,0,156,22
123,0,156,22
124,0,156,22
124,0,156,22
125,0,156,22
125,0,156,22
126,0,156,22
126,0,156,21
126,0,156,21
126,0,156,100
126,0,156,100
126,0,156,100
126,0,156,100
126,0,156,100
126,0,156,100
126,0,156,100
126,0,156,100
126,0,156,100
126,0,156,100
126,0,156,100
126,0,156,100
126,0,156,100
126,0,156,100
126,0,156,100
126,0,156,100
126,0,156,100
126,0,156,100
126,0,156,100
126,0,156,100
126,0,156,100
126,0,156,100
126,0,156,100
126,0,156,100
126,0,156,100
126,0,156,100
126,0,156,100
126,0,156,100
126,0,156,100
126,0,156,100
126,0,156,100
126,0,156,100
126,0,156,100
126,0,156,100
126,0,156,100
126,0,156,100
126,0,156,100
126,0,156,100
126,0,156,100
126,0,156,100
126,0,156,100
126,0,156,100
126,0,156,100
126,0,156,100
126,0,156,100
126,0,156,100
126,0,156,100
126,0,156,100
126,0,156,100
126,0,156,100
126,0,156,100
126,0,156,100
126,0,156,100
126,0,156,100
126,0,156,100
126,0,156,100
126,0,156,100
126,0,156,100
126,0,156,100
126,0,156,100
126,0,156,100
126,0,156,100
126,0,156,100
149,0,156,21
147,0,156,21
145,0,156,21
144,0,156,21
143,0,156,22
142,0,156,22
141,0,156,23
140,0,156,23
139,0,156,23
139,0,156,23
138,0,156,23
138,0,156,23
137,0,156,23
137,0,156,23
137,0,156,24
136,0,156,25
136,0,156,26
136,0,156,26
136,0,156,26
136,0,156,26
136,0,156,25
136,0,156,25
136,0,156,24
136,0,156,24
136,0,156,23
136,0,156,23
136,0,156,23
136,0,156,23
136,0,156,23
136,0,156,24
136,0,156,24
136,0,156,24
136,0,156,24
136,0,156,24
136,0,156,24
136,0,156,24
136,0,156,23
136,0,156,23
136,0,156,23
136,0,156,23
136,0,156,23
136,0,156,23
136,0,156,24
136,0,156,23
136,0,156,23
136,0,156,23
136,0,156,23
136,0,156,23
136,0,156,23
136,0,156,23
136,0,156,22
136,0,156,23
136,0,156,23
136,0,156,23
136,0,156,22
136,0,156,22
136,0,156,21
136,0,156,100
136,0,156,100
136,0,156,100
136,0,156,100
136,0,156,100
136,0,156,100
136,0,156,100
136,0,156,100
136,0,156,100
136,0,156,100
145,0,156,21
145,0,156,100
145,0,156,100
145,0,156,100
145,0,156,100
145,0,156,100
145,0,156,100
145,0,156,100
148,0,156,21
146,0,156,22
145,0,156,21
144,0,156,21
143,0,156,22
142,0,156,22
142,0,156,22
141,0,156,22
141,0,156,22
140,0,156,22
140,0,156,22
139,0,156,23
139,0,156,24
139,0,156,25
138,0,156,25
138,0,156,24
137,0,156,24
137,0,156,24
137,0,156,23
137,0,156,23
136,0,156,24
136,0,156,24
136,0,156,23
136,0,156,23
136,0,156,23
136,0,156,24
136,0,156,24
136,0,156,24
136,0,156,24
136,0,156,24
136,0,156,24
136,0,156,24
136,0,156,24
136,0,156,24
136,0,156,24
136,0,156,24
136,0,156,24
136,0,156,24
136,0,156,23
136,0,156,22
136,0,156,22
136,0,156,21
136,0,156,21
136,0,156,21
136,0,156,100
136,0,156,100
136,0,156,100
136,0,156,100
136,0,156,100
136,0,156,100
136,0,156,100
136,0,156,100
136,0,156,100
136,0,156,100
136,0,156,100
136,0,156,100
136,0,156,100
136,0,156,100
136,0,156,100
136,0,156,100
136,0,156,100
136,0,156,100
136,0,156,100
136,0,156,100
136,0,156,100
136,0,156,100
136,0,156,100
136,0,156,100
136,0,156,100
136,0,156,100
136,0,156,100
136,0,156,100
136,0,156,100
136,0,156,100
136,0,156,100
136,0,156,100
136,0,156,100
136,0,156,100
136,0,156,100
136,0,156,100
136,0,156,100
136,0,156,100
136,0,156,100
136,0,156,100
136,0,156,100
136,0,156,100
136,0,156,100
136,0,156,100
151,25,139,100
149,20,142,100
149,0,142,100
149,0,142,100
145,18,138,100
145,0,138,100
141,18,121,22
140,25,125,25
138,0,125,28
137,0,125,29
137,24,124,30
136,0,124,30
135,19,139,31
134,20,142,33
134,0,142,34
133,0,142,35
133,0,142,37
133,0,142,37
133,16,138,38
133,0,138,39
133,0,138,40
133,0,138,42
134,16,143,44
134,0,143,44
134,0,143,46
134,16,154,47
134,0,154,47
134,0,154,47
134,0,154,48
134,0,154,48
134,0,154,48
134,16,154,50
134,0,154,51
134,0,154,53
134,16,132,54
134,0,132,54
134,0,132,54
134,0,132,55
134,0,132,55
134,0,132,55
133,0,132,55
133,0,132,55
133,0,132,55
134,0,132,55
134,0,132,53
134,0,132,52
134,0,132,51
134,0,132,49
134,0,132,47
134,0,132,46
134,0,132,45
135,0,132,45
135,0,132,45
135,0,132,43
136,0,132,42
136,0,132,42
136,0,132,40
137,0,132,40
137,0,132,39
137,0,132,39
137,0,132,39
138,0,132,38
138,0,132,37
138,0,132,37
138,0,132,36
138,0,132,35
138,0,132,34
138,0,132,34
138,0,132,34
138,0,132,33
138,0,132,33
138,0,132,32
138,0,132,31
138,0,132,30
138,0,132,28
138,0,132,27
139,0,132,27
139,0,132,27
140,0,132,27
140,0,132,28
140,0,132,27
141,0,132,28
141,0,132,29
141,24,99,29
141,0,99,30
142,0,99,30
142,0,99,30
142,0,99,31
142,0,99,32
142,0,99,32
142,0,99,32
141,0,99,33
141,17,125,34
141,21,136,36
140,18,132,38
140,0,132,39
139,0,132,39
138,0,132,39
138,0,132,39
137,0,132,39
137,0,132,38
137,0,132,36
136,0,132,36
136,0,132,37
136,0,132,38
135,0,132,39
135,0,132,39
135,0,132,40
134,0,132,41
134,0,132,42
134,0,132,42
134,0,132,41
133,0,132,42
133,0,132,42
133,0,132,43
133,0,132,42
133,0,132,42
133,0,132,42
133,0,132,41
133,0,132,40
133,0,132,40
133,0,132,38
133,0,132,38
133,0,132,38
133,0,132,38
133,0,132,39
133,0,132,38
133,0,132,38
133,0,132,37
133,0,132,37
134,0,132,37
134,0,132,37
134,0,132,34
135,0,132,32
135,0,132,32
136,0,132,32
136,0,132,33
136,0,132,32
137,0,132,32
137,0,132,32
137,0,132,32
137,0,132,31
137,0,132,31
137,0,132,31
137,0,132,30
137,0,132,29
137,0,132,28
137,0,132,28
137,0,132,27
137,0,132,27
137,0,132,27
137,0,132,27
138,0,132,28
138,0,132,28
138,0,132,28
138,0,132,28
138,0,132,28
138,0,132,28
137,0,132,27
137,0,132,100
131,0,132,31
127,0,132,31
123,0,132,32
120,0,132,32
117,0,132,32
114,0,132,32
112,0,132,31
110,0,132,32
108,0,132,31
107,0,132,31
107,0,132,100
112,0,132,22
113,0,132,22
115,0,132,22
116,0,132,21
118,0,132,21
118,0,132,100
118,0,132,100
118,0,132,100
118,0,132,100
118,0,132,100
118,0,132,100
118,0,132,100
118,0,132,100
118,0,132,100
118,0,132,100
118,0,132,100
118,0,132,100
118,0,132,100
118,0,132,100
118,0,132,100
118,0,132,100
118,0,132,100
118,0,132,100
118,0,132,100
118,0,132,100
118,0,132,100
118,0,132,100
118,0,132,100
118,0,132,100
118,0,132,100
118,0,132,100
118,0,132,100
118,0,132,100
118,0,132,100
118,0,132,100
118,0,132,100
118,0,132,100
118,0,132,100
118,0,132,100
118,0,132,100
118,0,132,100
118,0,132,100
118,0,132,100
118,0,132,100
118,0,132,100
118,0,132,100
118,0,132,100
118,0,132,100
118,0,132,100
118,0,132,100
118,0,132,100
118,0,132,100
118,0,132,100
118,0,132,100
118,0,132,100
118,0,132,100
118,0,132,100
118,0,132,100
118,0,132,100
118,0,132,100
118,0,132,100
118,0,132,100
118,0,132,100
118,0,132,100
118,0,132,100
118,0,132,100
118,0,132,100
118,0,132,100
118,0,132,100
118,0,132,100
118,0,132,100
118,0,132,100
118,0,132,100
118,0,132,100
118,0,132,100
118,0,132,100
118,0,132,100
118,0,132,100
118,0,132,100
118,0,132,100
118,0,132,100
118,0,132,100
118,0,132,100
118,0,132,100
118,0,132,100
118,0,132,100
118,0,132,100
118,0,132,100
118,0,132,100
118,0,132,100
118,0,132,100
118,0,132,100
118,0,132,100
118,0,132,100
118,0,132,100
118,0,132,100
118,0,132,100
118,0,132,100
118,0,132,100
118,0,132,100
118,0,132,100
118,0,132,100
118,0,132,100
118,0,132,100
124,0,132,21
123,0,132,22
122,0,132,23
121,0,132,23
120,0,132,23
120,0,132,24
119,0,132,24
119,0,132,24
118,0,132,24
118,0,132,24
118,0,132,24
117,0,132,24
117,0,132,24
117,0,132,24
116,0,132,24
116,0,132,24
116,0,132,24
115,0,132,24
115,0,132,24
115,0,132,24
114,0,132,24
114,0,132,25
114,0,132,25
114,0,132,25
114,0,132,25
114,0,132,25
114,0,132,24
114,0,132,24
114,0,132,23
114,0,132,22
114,0,132,22
114,0,132,22
114,0,132,21
114,0,132,21
114,0,132,100
114,0,132,100
114,0,132,100
114,0,132,100
114,0,132,100
114,0,132,100
114,0,132,100
114,0,132,100
114,0,132,100
114,0,132,100
114,0,132,100
114,0,132,100
114,0,132,100
114,0,132,100
114,0,132,100
114,0,132,100
114,0,132,100
114,0,132,100
114,0,132,100
114,0,132,100
114,0,132,100
114,0,132,100
114,0,132,100
114,0,132,100
114,0,132,100
114,0,132,100
114,0,132,100
114,0,132,100
114,0,132,100
114,0,132,100
114,0,132,100
114,0,132,100
114,0,132,100
114,0,132,100
114,0,132,100
114,0,132,100
114,0,132,100
114,0,132,100
114,0,132,100
114,0,132,100
114,0,132,100
114,0,132,100
114,0,132,100
114,0,132,100
114,0,132,100
114,0,132,100
114,0,132,100
114,0,132,100
114,0,132,100
114,0,132,100
114,0,132,100
114,0,132,100
114,0,132,100
114,0,132,100
114,0,132,100
114,0,132,100
114,0,132,100
114,0,132,100
114,0,132,100
114,0,132,100
114,0,132,100
114,0,132,100
114,0,132,100
114,0,132,100
114,0,132,100
114,0,132,100
114,0,132,100
114,0,132,100
114,0,132,100
114,0,132,100
114,0,132,100
114,0,132,100
114,0,132,100
114,0,132,100
114,0,132,100
114,0,132,100
114,0,132,100
114,0,132,100
114,0,132,100
114,0,132,100
114,0,132,100
114,0,132,100
114,0,132,100
114,0,132,100
114,0,132,100
114,0,132,100
114,0,132,100
114,0,132,100
114,0,132,100
114,0,132,100
114,0,132,100
114,0,132,100
114,0,132,100
114,0,132,100
114,0,132,100
114,0,132,100
114,0,132,100
114,0,132,100
114,0,132,100
114,0,132,100
114,0,132,100
114,0,132,100
114,0,132,100
114,0,132,100
114,0,132,100
114,0,132,100
114,0,132,100
114,0,132,100
114,0,132,100
114,0,132,100
114,0,132,100
114,0,132,100
114,0,132,100
114,0,132,100
114,0,132,100
114,0,132,100
114,0,132,100
114,0,132,100
114,0,132,100
114,0,132,100
114,0,132,100
114,0,132,100
114,0,132,100
114,0,132,100
114,0,132,100
114,0,132,100
114,0,132,100
114,0,132,100
114,0,132,100
114,0,132,100
114,0,132,100
114,0,132,100
114,0,132,100
114,0,132,100
114,0,132,100
114,0,132,100
114,0,132,100
114,0,132,100
114,0,132,100
114,0,132,100
114,0,132,100
114,0,132,100
114,0,132,100
114,0,132,100
114,0,132,100
114,0,132,100
114,0,132,100
114,0,132,100
114,0,132,100
114,0,132,100
114,0,132,100
114,0,132,100
114,0,132,100
114,0,132,100
114,0,132,100
114,0,132,100
114,0,132,100
114,0,132,100
114,0,132,100
114,0,132,100
114,0,132,100
114,0,132,100
114,0,132,100
114,0,132,100
114,0,132,100
114,0,132,100
114,0,132,100
114,0,132,100
114,0,132,100
114,0,132,100
114,0,132,100
114,0,132,100
114,0,132,100
114,0,132,100
114,0,132,100
114,0,132,100
114,0,132,100
114,0,132,100
114,0,132,100
114,0,132,100
114,0,132,100
114,0,132,100
114,0,132,100
114,0,132,100
114,0,132,100
114,0,132,100
114,0,132,100
114,0,132,100
114,0,132,100
114,0,132,100
114,0,132,100
114,0,132,100
114,0,132,100
114,0,132,100
114,0,132,100
114,0,132,100
114,0,132,100
114,0,132,100
114,0,132,100
114,0,132,100
114,0,132,100
114,0,132,100
114,0,132,100
114,0,132,100
114,0,132,100
114,0,132,100
114,0,132,100
114,0,132,100
114,0,132,100
114,0,132,100
114,0,132,100
114,0,132,100
114,0,132,100
114,0,132,100
114,0,132,100
114,0,132,100
114,0,132,100
114,0,132,100
114,0,132,100
114,0,132,100
114,0,132,100
114,0,132,100
114,0,132,100
114,0,132,100
114,0,132,100
114,0,132,100
114,0,132,100
114,0,132,100
114,0,132,100
114,0,132,100
114,0,132,100
114,0,132,100
114,0,132,100
114,0,132,100
114,0,132,100
114,0,132,100
114,0,132,100
114,0,132,100
114,0,132,100
114,0,132,100
114,0,132,100
114,0,132,100
114,0,132,100
114,0,132,100
114,0,132,100
114,0,132,100
114,0,132,100
114,0,132,100
114,0,132,100
114,0,132,100
114,0,132,100
114,0,132,100
114,0,132,100
114,0,132,100
114,0,132,100
114,0,132,100
114,0,132,100
114,0,132,100
114,0,132,100
114,0,132,100
114,0,132,100
114,0,132,100
114,0,132,100
114,0,132,100
114,0,132,100
114,0,132,100
114,0,132,100
114,0,132,100
127,0,132,22
128,0,132,22
130,0,132,22
131,0,132,22
133,0,132,23
133,0,132,23
134,0,132,23
135,0,132,24
135,0,132,25
135,0,132,25
136,0,132,26
136,0,132,25
136,0,132,25
136,0,132,25
136,0,132,26
136,0,132,27
136,0,132,27
136,0,132,28
136,0,132,27
136,0,132,27
136,0,132,27
136,0,132,27
136,0,132,28
136,0,132,28
136,0,132,28
136,0,132,28
136,0,132,28
136,0,132,29
136,0,132,29
136,0,132,29
136,0,132,29
136,0,132,28
136,0,132,27
136,0,132,26
136,0,132,24
136,0,132,23
136,0,132,23
136,0,132,22
137,0,132,22
137,0,132,21
137,0,132,21
137,0,132,21
138,0,132,21
138,0,132,21
138,0,132,100
138,0,132,100
138,0,132,100
138,0,132,100
138,0,132,100
138,0,132,100
138,0,132,100
138,0,132,100
138,0,132,100
138,0,132,100
138,0,132,100
138,0,132,100
138,0,132,100
138,0,132,100
138,0,132,100
129,0,132,22
130,0,132,23
131,0,132,24
132,0,132,24
132,0,132,25
133,0,132,24
133,0,132,24
133,0,132,23
134,0,132,23
134,0,132,22
133,0,132,22
133,0,132,22
133,0,132,22
133,0,132,22
133,0,132,22
133,0,132,22
133,0,132,21
133,0,132,21
133,0,132,21
133,0,132,22
132,0,132,22
132,0,132,22
131,0,132,23
131,0,132,22
131,0,132,23
131,0,132,23
131,0,132,23
131,0,132,23
131,0,132,23
131,0,132,23
131,0,132,24
131,0,132,24
131,0,132,24
131,0,132,24
131,0,132,24
131,0,132,24
131,0,132,25
131,0,132,25
131,0,132,25
131,0,132,24
131,0,132,24
131,0,132,23
130,0,132,22
129,0,132,21
128,0,132,21
128,0,132,21
127,0,132,21
126,0,132,21
126,0,132,21
126,0,132,21
127,0,132,21
127,0,132,100
127,0,132,100
127,0,132,100
127,0,132,100
127,0,132,100
127,0,132,100
127,0,132,100
127,0,132,100
127,0,132,100
127,0,132,100
127,0,132,100
127,0,132,100
127,0,132,100
127,0,132,100
127,0,132,100
127,0,132,100
127,0,132,100
127,0,132,100
127,0,132,100
127,0,132,100
127,0,132,100
127,0,132,100
127,0,132,100
127,0,132,100
127,0,132,100
127,0,132,100
127,0,132,100
127,0,132,100
127,0,132,100
127,0,132,100
127,0,132,100
127,0,132,100
127,0,132,100
127,0,132,100
127,0,132,100
127,0,132,100
127,0,132,100
127,0,132,100
127,0,132,100
127,0,132,100
127,0,132,100
127,0,132,100
127,0,132,100
127,0,132,100
127,0,132,100
127,0,132,100
127,0,132,100
127,0,132,100
127,0,132,100
127,0,132,100
127,0,132,100
127,0,132,100
127,0,132,100
127,0,132,100
127,0,132,100
127,0,132,100
127,0,132,100
127,0,132,100
127,86,12,100
127,0,12,100
127,0,12,100
127,0,12,100
127,0,12,100
127,0,12,100
127,0,12,100
127,0,12,100
127,0,12,100
127,0,12,100
127,0,12,100
127,0,12,100
127,0,12,100
127,0,12,100
127,0,12,100
127,0,12,100
127,0,12,100
127,0,12,100
127,0,12,100
127,0,12,100
127,0,12,100
127,0,12,100
127,0,12,100
127,0,12,100
127,0,12,100
127,0,12,100
127,0,12,100
127,0,12,100
127,0,12,100
127,0,12,100
127,0,12,100
127,0,12,100
127,0,12,100
127,0,12,100
127,0,12,100
127,0,12,100
127,0,12,100
127,0,12,100
127,0,12,100
127,0,12,100
127,0,12,100
127,0,12,100
127,0,12,100
127,0,12,100
127,0,12,100
127,0,12,100
127,0,12,100
127,0,12,100
127,0,12,100
127,0,12,100
127,0,12,100
127,0,12,100
127,0,12,100
127,0,12,100
127,0,12,100
127,0,12,100
127,0,12,100
127,0,12,100
127,0,12,100
127,0,12,100
127,0,12,100
127,0,12,100
127,0,12,100
127,0,12,100
127,0,12,100
127,0,12,100
127,0,12,100
127,0,12,100
127,0,12,100
127,0,12,100
127,0,12,100
127,0,12,100
127,0,12,100
127,0,12,100
127,0,12,100
127,0,12,100
127,0,12,100
127,0,12,100
127,0,12,100
127,0,12,100
127,0,12,100
127,0,12,100
127,0,12,100
127,0,12,100
127,0,12,100
127,0,12,100
127,0,12,100
127,0,12,100
127,0,12,100
22,0,12,22
34,0,12,22
45,0,12,22
55,0,12,23
63,0,12,23
70,0,12,24
76,0,12,24
82,0,12,24
86,0,12,24
91,0,12,23
94,0,12,23
98,0,12,24
100,0,12,24
102,0,12,24
104,0,12,24
106,0,12,24
107,0,12,24
109,0,12,25
110,0,12,25
111,0,12,25
112,0,12,26
112,0,12,25
113,0,12,25
113,0,12,25
114,0,12,25
114,0,12,25
115,0,12,25
115,0,12,25
115,0,12,26
116,0,12,26
116,0,12,27
116,0,12,26
116,0,12,26
117,0,12,25
117,0,12,25
117,0,12,25
117,0,12,24
117,0,12,24
117,0,12,24
117,0,12,23
117,0,12,23
116,0,12,23
116,0,12,23
117,0,12,22
117,0,12,21
117,0,12,21
117,0,12,21
117,0,12,100
117,0,12,100
117,0,12,100
117,0,12,100
117,0,12,100
117,0,12,100
117,0,12,100
117,0,12,100
117,0,12,100
117,0,12,100
117,0,12,100
117,0,12,100
117,0,12,100
117,0,12,100
117,0,12,100
117,0,12,100
117,0,12,100
117,0,12,100
117,0,12,100
117,0,12,100
117,0,12,100
117,0,12,100
117,0,12,100
117,0,12,100
117,0,12,100
117,0,12,100
117,0,12,100
117,0,12,100
117,0,12,100
117,0,12,100
117,0,12,100
117,0,12,100
117,0,12,100
117,0,12,100
117,0,12,100
21,0,12,22
33,0,12,22
44,0,12,23
53,0,12,23
61,0,12,22
68,0,12,22
74,0,12,22
80,0,12,23
84,0,12,24
88,0,12,24
92,0,12,25
95,0,12,25
97,0,12,25
100,0,12,26
101,0,12,26
103,0,12,27
104,0,12,28
105,0,12,28
106,0,12,27
107,0,12,29
107,0,12,29
107,0,12,28
95,0,12,27
84,0,12,27
74,0,12,26
76,0,12,31
78,0,12,32
79,18,96,34
80,0,96,37
81,0,96,40
82,0,96,42
83,0,96,43
83,0,96,43
84,0,96,43
84,0,96,43
84,0,96,44
85,0,96,44
84,0,96,45
84,0,96,47
84,0,96,48
83,0,96,50
82,0,96,52
81,0,96,55
80,0,96,57
80,0,96,59
79,0,96,61
79,0,96,62
78,0,96,63
78,0,96,63
78,0,96,62
78,0,96,63
78,0,96,64
77,17,93,65
77,0,93,65
77,0,93,67
77,0,93,65
76,0,93,65
76,0,93,63
76,0,93,62
76,0,93,59
76,0,93,57
76,0,93,57
76,0,93,57
76,0,93,57
76,0,93,58
76,0,93,57
76,0,93,56
76,0,93,54
76,0,93,52
76,0,93,50
75,0,93,48
75,0,93,49
75,0,93,49
74,0,93,49
74,0,93,50
74,0,93,50
74,0,93,51
74,0,93,51
74,0,93,51
74,0,93,51
74,0,93,49
74,0,93,48
74,0,93,47
74,0,93,46
74,0,93,46
74,0,93,45
73,0,93,44
73,0,93,45
72,0,93,45
74,0,93,44
76,0,93,43
77,0,93,44
79,0,93,45
80,0,93,46
81,0,93,47
82,0,93,47
82,0,93,49
83,0,93,52
84,0,93,52
84,0,93,51
85,0,93,51
85,0,93,51
85,0,93,51
85,0,93,50
86,0,93,50
86,0,93,50
86,0,93,49
86,0,93,49
87,0,93,49
87,0,93,49
87,0,93,49
87,0,93,50
87,0,93,51
87,0,93,52
87,0,93,51
87,0,93,50
87,0,93,48
87,0,93,46
87,0,93,45
87,0,93,44
87,0,93,42
87,0,93,41
84,0,93,40
82,0,93,39
81,0,93,38
79,0,93,37
78,0,93,37
78,0,93,37
78,0,93,37
78,0,93,37
78,0,93,37
78,0,93,36
78,0,93,35
79,0,93,33
80,0,93,33
80,0,93,33
81,0,93,32
82,0,93,33
83,0,93,32
84,0,93,33
85,0,93,33
85,0,93,34
86,0,93,34
87,0,93,35
87,0,93,35
88,0,93,35
88,0,93,35
89,0,93,36
89,0,93,36
89,0,93,35
90,0,93,35
90,0,93,34
91,0,93,34
91,0,93,34
92,0,93,34
92,0,93,33
92,0,93,33
92,0,93,34
93,0,93,34
93,0,93,34
93,0,93,34
93,0,93,34
93,0,93,34
93,0,93,33
93,0,93,33
93,0,93,32
93,0,93,32
93,0,93,31
93,0,93,31
93,0,93,31
93,0,93,100
93,0,93,100
93,0,93,100
93,0,93,100
93,0,93,100
93,0,93,100
93,0,93,100
93,0,93,100
93,0,93,100
93,0,93,100
93,0,93,100
93,0,93,100
93,0,93,100
93,0,93,100
93,0,93,100
93,0,93,100
93,0,93,100
93,0,93,100
93,0,93,100
93,0,93,100
93,0,93,100
93,0,93,100
93,0,93,100
93,0,93,100
93,0,93,100
93,0,93,100
93,0,93,100
93,0,93,100
93,0,93,100
93,0,93,100
93,0,93,100
93,0,93,100
93,0,93,100
89,23,85,100
89,0,85,100
89,0,85,100
86,27,77,100
85,35,83,100
83,36,68,36
82,0,68,39
81,0,68,42
79,0,68,43
78,0,68,43
77,0,68,44
76,0,68,46
76,0,68,47
75,0,68,48
74,0,68,49
74,0,68,50
73,0,68,51
73,0,68,52
73,0,68,53
73,0,68,53
73,0,68,53
73,0,68,54
72,0,68,56
72,0,68,56
72,0,68,58
72,0,68,61
72,0,68,63
72,0,68,64
72,0,68,65
72,0,68,66
72,0,68,66
72,0,68,66
72,0,68,67
72,0,68,68
72,0,68,68
72,0,68,68
72,0,68,67
72,0,68,66
72,0,68,66
72,0,68,67
72,0,68,66
72,0,68,65
72,0,68,66
72,0,68,62
72,0,68,58
72,0,68,54
72,0,68,50
72,0,68,47
73,0,68,45
73,0,68,44
73,0,68,43
73,0,68,42
73,0,68,40
73,0,68,39
73,0,68,39
73,0,68,39
74,0,68,39
74,0,68,38
74,0,68,38
74,0,68,39
74,0,68,40
74,0,68,39
74,0,68,38
74,0,68,38
74,0,68,38
74,0,68,36
73,0,68,35
73,0,68,34
73,0,68,33
71,0,68,35
71,0,68,35
70,0,68,34
69,0,68,34
69,0,68,33
68,0,68,34
67,0,68,35
67,0,68,36
67,0,68,36
67,0,68,35
67,0,68,34
67,0,68,33
67,0,68,33
68,0,68,33
68,0,68,33
68,0,68,34
68,0,68,36
68,0,68,37
69,0,68,37
69,0,68,38
70,0,68,39
70,0,68,40
70,0,68,41
71,0,68,41
71,0,68,41
71,0,68,43
72,0,68,43
72,0,68,44
72,0,68,44
73,0,68,45
73,22,81,47
73,0,81,46
73,0,81,47
74,0,81,47
74,0,81,48
74,0,81,47
74,0,81,48
74,0,81,50
75,0,81,50
75,0,81,50
75,0,81,51
76,27,80,54
76,0,80,55
76,0,80,55
76,0,80,56
76,0,80,56
76,0,80,56
76,0,80,54
76,0,80,53
76,0,80,53
76,0,80,53
76,0,80,52
76,22,97,52
76,0,97,52
76,0,97,51
76,0,97,51
76,0,97,50
76,0,97,49
76,0,97,48
76,0,97,48
76,0,97,47
76,0,97,46
76,0,97,45
76,0,97,44
76,0,97,43
76,0,97,41
76,0,97,40
76,0,97,38
76,0,97,37
76,0,97,35
76,0,97,33
76,0,97,33
76,0,97,32
76,0,97,31
76,0,97,100
80,0,97,21
80,0,97,100
80,0,97,100
80,0,97,100
80,0,97,100
80,0,97,100
80,0,97,100
80,0,97,100
80,0,97,100
80,0,97,100
80,0,97,100
80,0,97,100
80,0,97,100
80,0,97,100
92,0,97,21
92,0,97,100
92,0,97,100
94,0,97,21
95,0,97,22
97,0,97,22
98,0,97,24
99,17,117,26
101,0,117,28
103,0,117,31
104,0,117,33
105,0,117,32
105,0,117,33
106,0,117,34
106,0,117,34
106,0,117,33
107,0,117,33
107,0,117,33
107,0,117,33
108,0,117,33
108,0,117,34
108,0,117,33
108,0,117,33
108,0,117,32
108,0,117,32
108,0,117,33
108,0,117,33
108,0,117,34
109,0,117,34
109,0,117,34
109,0,117,36
109,0,117,37
109,0,117,36
109,0,117,37
109,0,117,37
109,0,117,37
109,0,117,37
109,0,117,37
109,0,117,37
109,0,117,37
109,0,117,37
109,0,117,36
109,0,117,34
108,0,117,34
108,0,117,32
107,0,117,31
108,0,117,28
107,0,117,31
107,0,117,31
106,0,117,31
107,0,117,27
107,0,117,26
108,0,117,26
108,0,117,26
109,0,117,26
109,0,117,26
109,0,117,26
109,0,117,26
110,0,117,27
110,0,117,27
110,0,117,27
110,0,117,27
110,0,117,27
110,0,117,27
110,0,117,27
110,0,117,27
110,0,117,27
110,0,117,27
110,0,117,26
110,0,117,26
110,0,117,24
110,0,117,24
110,0,117,23
110,0,117,23
109,0,117,22
109,0,117,22
109,0,117,22
109,0,117,22
110,0,117,22
110,0,117,22
110,0,117,22
110,0,117,22
110,0,117,22
110,0,117,22
110,0,117,22
110,0,117,22
110,0,117,22
110,0,117,22
110,0,117,100
110,0,117,100
110,0,117,100
110,0,117,100
110,0,117,100
110,0,117,100
110,0,117,100
110,0,117,100
110,0,117,100
110,0,117,100
110,0,117,100
110,0,117,100
110,0,117,100
110,0,117,100
110,0,117,100
110,0,117,100
110,0,117,100
110,0,117,100
110,0,117,100
110,0,117,100
110,0,117,100
110,0,117,100
110,0,117,100
110,0,117,100
110,17,99,100
110,0,99,100
110,0,99,100
110,0,99,100
110,0,99,100
110,0,99,100
110,0,99,100
110,0,99,100
110,0,99,100
110,0,99,100
110,0,99,100
110,0,99,100
110,0,99,100
110,0,99,100
110,0,99,100
110,0,99,100
110,0,99,100
110,0,99,100
110,0,99,100
110,0,99,100
110,0,99,100
110,0,99,100
110,0,99,100
110,0,99,100
110,0,99,100
110,0,99,100
110,0,99,100
110,0,99,100
110,0,99,100
110,0,99,100
110,0,99,100
110,0,99,100
110,0,99,100
110,0,99,100
110,0,99,100
110,0,99,100
110,0,99,100
110,0,99,100
110,0,99,100
110,0,99,100
110,0,99,100
110,0,99,100
110,0,99,100
110,0,99,100
110,0,99,100
100,0,99,21
104,0,99,21
108,0,99,21
111,0,99,21
114,0,99,21
117,0,99,22
119,0,99,22
121,0,99,23
122,0,99,24
124,0,99,24
125,0,99,25
126,0,99,25
128,0,99,25
128,0,99,24
129,0,99,25
129,0,99,24
130,0,99,24
130,0,99,25
130,0,99,25
131,0,99,25
131,0,99,26
132,0,99,26
132,0,99,27
132,0,99,27
133,0,99,27
133,0,99,27
133,0,99,27
133,0,99,27
134,0,99,26
134,0,99,27
134,0,99,27
134,0,99,28
134,0,99,28
134,0,99,29
134,0,99,29
134,0,99,29
134,0,99,30
134,0,99,28
134,0,99,27
134,0,99,27
134,0,99,26
134,0,99,26
134,0,99,26
134,0,99,26
134,0,99,25
134,0,99,25
133,0,99,24
133,0,99,24
133,0,99,23
133,0,99,23
133,0,99,24
133,0,99,24
133,0,99,24
132,0,99,24
132,0,99,24
131,0,99,24
131,0,99,24
126,0,99,24
122,0,99,25
119,0,99,25
116,0,99,26
113,0,99,26
111,0,99,31
109,0,99,31
107,0,99,32
106,0,99,32
105,0,99,33
103,0,99,34
102,0,99,34
101,0,99,35
100,0,99,35
99,0,99,36
98,0,99,37
97,0,99,37
96,0,99,37
96,0,99,38
95,0,99,38
94,0,99,39
94,0,99,40
93,0,99,41
92,0,99,41
92,0,99,41
90,0,99,42
89,0,99,44
87,0,99,45
85,0,99,45
84,0,99,45
82,0,99,45
80,0,99,47
82,0,99,47
83,0,99,47
85,0,99,47
86,0,99,46
87,0,99,46
88,0,99,45
88,0,99,44
89,0,99,44
90,0,99,44
90,0,99,44
91,0,99,43
91,0,99,43
92,0,99,43
92,0,99,43
92,0,99,43
92,24,134,43
97,0,134,43
101,0,134,42
104,0,134,41
107,0,134,39
102,0,134,39
98,0,134,39
95,0,134,37
95,0,134,100
101,0,134,38
102,0,134,38
104,0,134,38
105,0,134,38
106,0,134,38
108,0,134,37
109,0,134,37
109,0,134,37
110,0,134,36
111,0,134,36
112,0,134,37
112,0,134,37
113,0,134,38
113,0,134,38
113,0,134,39
113,0,134,39
114,0,134,38
114,0,134,38
115,0,134,39
115,0,134,39
116,0,134,39
116,0,134,39
117,0,134,39
117,0,134,39
117,0,134,39
117,16,102,40
117,0,102,39
117,0,102,37
117,0,102,37
117,0,102,37
117,0,102,37
116,0,102,34
116,0,102,33
115,0,102,33
113,0,102,33
112,0,102,34
110,0,102,34
108,0,102,34
107,0,102,34
105,0,102,35
104,0,102,37
103,0,102,38
102,0,102,38
102,0,102,37
101,0,102,38
100,0,102,37
100,0,102,37
99,0,102,38
99,0,102,38
99,0,102,37
98,0,102,36
98,0,102,35
97,0,102,35
97,0,102,34
97,0,102,34
96,0,102,34
96,0,102,34
96,0,102,33
95,0,102,33
95,0,102,33
94,0,102,33
94,0,102,33
94,0,102,33
94,0,102,32
94,0,102,22
94,0,102,22
95,0,102,22
95,0,102,21
95,0,102,100
95,0,102,100
95,0,102,100
95,0,102,100
95,0,102,100
95,0,102,100
95,0,102,100
95,0,102,100
95,0,102,100
95,0,102,100
95,0,102,100
95,0,102,100
95,0,102,100
95,0,102,100
95,0,102,100
95,0,102,100
95,0,102,100
95,0,102,100
95,0,102,100
95,0,102,100
95,0,102,100
95,0,102,100
95,0,102,100
95,0,102,100
95,0,102,100
95,0,102,100
95,0,102,100
95,0,102,100
95,0,102,100
95,0,102,100
95,0,102,100
95,0,102,100
95,17,99,100
95,0,99,100
95,0,99,100
95,18,113,100
95,0,113,100
95,0,113,100
95,0,113,100
95,0,113,100
95,0,113,100
95,0,113,100
95,0,113,100
95,0,113,100
95,0,113,100
95,0,113,100
95,0,113,100
95,0,113,100
95,0,113,100
95,0,113,100
95,0,113,100
95,0,113,100
95,0,113,100
95,0,113,100
95,0,113,100
95,0,113,100
95,0,113,100
95,0,113,100
95,0,113,100
95,0,113,100
95,0,113,100
95,0,113,100
95,0,113,100
95,0,113,100
95,0,113,100
95,0,113,100
95,0,113,100
95,0,113,100
95,0,113,100
95,0,113,100
95,0,113,100
95,0,113,100
95,0,113,100
95,0,113,100
95,0,113,100
95,0,113,100
95,0,113,100
95,0,113,100
95,0,113,100
95,0,113,100
95,0,113,100
95,0,113,100
95,0,113,100
95,0,113,100
95,0,113,100
95,0,113,100
95,0,113,100
95,0,113,100
95,0,113,100
95,0,113,100
95,0,113,100
95,0,113,100
95,0,113,100
95,0,113,100
95,0,113,100
95,0,113,100
95,0,113,100
95,0,113,100
95,0,113,100
95,0,113,100
95,0,113,100
95,0,113,100
95,0,113,100
95,0,113,100
95,0,113,100
95,0,113,100
95,0,113,100
95,0,113,100
95,0,113,100
95,0,113,100
95,0,113,100
95,0,113,100
95,0,113,100
95,0,113,100
95,0,113,100
95,0,113,100
108,0,113,21
108,0,113,21
108,0,113,21
108,0,113,21
108,0,113,21
108,0,113,21
108,0,113,21
108,0,113,22
108,0,113,22
108,0,113,23
108,17,102,24
107,0,102,24
106,0,102,25
105,0,102,25
104,0,102,25
103,0,102,24
103,0,102,24
102,0,102,24
102,0,102,24
101,0,102,23
101,0,102,23
101,0,102,23
100,0,102,23
100,0,102,22
100,0,102,22
100,0,102,22
99,0,102,22
99,0,102,22
99,0,102,22
99,0,102,22
99,0,102,22
99,0,102,21
99,0,102,21
99,0,102,21
99,0,102,21
99,0,102,100
99,0,102,100
99,0,102,100
99,0,102,100
99,0,102,100
99,0,102,100
99,0,102,100
99,0,102,100
99,0,102,100
99,0,102,100
99,0,102,100
99,0,102,100
99,0,102,100
99,0,102,100
99,0,102,100
99,0,102,100
99,0,102,100
99,0,102,100
99,0,102,100
99,0,102,100
99,0,102,100
99,0,102,100
99,0,102,100
99,0,102,100
99,0,102,100
99,0,102,100
99,0,102,100
99,0,102,100
99,0,102,100
99,0,102,100
99,0,102,100
99,0,102,100
99,0,102,100
99,0,102,100
99,0,102,100
99,0,102,100
99,0,102,100
99,0,102,100
99,19,99,100
99,18,95,100
98,100,106,100
98,62,107,37
98,60,106,45
99,100,101,64
99,81,100,74
98,73,101,82
99,35,110,86
100,68,105,100
99,59,104,100
100,22,108,100
100,0,108,100
100,0,108,100
100,0,108,100
100,0,108,100
100,0,108,100
99,0,108,100
99,0,108,100
99,0,108,100
99,0,108,100
99,0,108,100
99,0,108,100
99,0,108,100
99,0,108,100
99,0,108,100
99,0,108,100
99,0,108,100
99,0,108,100
99,0,108,100
99,0,108,100
99,0,108,100
99,0,108,100
99,0,108,100
99,0,108,100
99,0,108,100
99,0,108,100
99,0,108,100
99,0,108,100
99,0,108,100
99,0,108,100
99,0,108,100
99,0,108,100
99,0,108,100
98,0,108,94
98,0,108,76
98,0,108,65
98,0,108,58
97,0,108,54
97,0,108,38
97,0,108,37
96,0,108,36
96,0,108,37
95,0,108,38
95,0,108,39
94,0,108,39
94,0,108,40
93,0,108,39
93,0,108,39
93,0,108,40
92,0,108,41
92,0,108,41
91,0,108,42
90,0,108,43
90,0,108,44
90,0,108,44
